t              u1             u2             u3
=====================================================
0.000000       1.000000       2.000000       3.000000
0.000156       1.000000       2.000469       3.000000
0.000313       1.000000       2.000938       3.000000
0.000625       1.000000       2.001875       3.000000
0.001250       1.000000       2.003750       3.000000
0.001875       1.000000       2.005625       3.000000
0.002500       1.000000       2.007500       3.000000
0.003125       1.000000       2.009375       3.000000
0.003750       1.000000       2.011250       3.000000
0.004375       1.000000       2.013125       3.000000
0.005000       1.000000       2.015000       3.000000
0.005625       1.000000       2.016875       3.000000
0.006250       1.000000       2.018750       3.000000
0.006875       1.000000       2.020625       3.000000
0.007500       1.000000       2.022500       3.000000
0.008125       1.000000       2.024375       3.000000
0.008750       1.000000       2.026250       3.000000
0.009375       1.000000       2.028125       3.000000
0.010000       1.000000       2.030000       3.000000
0.010625       1.000000       2.031875       3.000000
0.011250       1.000000       2.033750       3.000000
0.011875       1.000000       2.035625       3.000000
0.012500       1.000000       2.037500       3.000000
0.013125       1.000000       2.039375       3.000000
0.013750       1.000000       2.041250       3.000000
0.014375       1.000000       2.043125       3.000000
0.015000       1.000000       2.045000       3.000000
0.015625       1.000000       2.046875       3.000000
0.016250       1.000000       2.048750       3.000000
0.016875       1.000000       2.050625       3.000000
0.017500       1.000000       2.052500       3.000000
0.018125       1.000000       2.054375       3.000000
0.018750       1.000000       2.056250       3.000000
0.019375       1.000000       2.058125       3.000000
0.020000       1.000000       2.060000       3.000000
0.020625       1.000000       2.061875       3.000000
0.021250       1.000000       2.063750       3.000000
0.021875       1.000000       2.065625       3.000000
0.022500       1.000000       2.067500       3.000000
0.023125       1.000000       2.069375       3.000000
0.023750       1.000000       2.071250       3.000000
0.024375       1.000000       2.073125       3.000000
0.025000       1.000000       2.075000       3.000000
0.025625       1.000000       2.076875       3.000000
0.026250       1.000000       2.078750       3.000000
0.026875       1.000000       2.080625       3.000000
0.027500       1.000000       2.082500       3.000000
0.028125       1.000000       2.084375       3.000000
0.028750       1.000000       2.086250       3.000000
0.029375       1.000000       2.088125       3.000000
0.030000       1.000000       2.090000       3.000000
0.030625       1.000000       2.091875       3.000000
0.031250       1.000000       2.093750       3.000000
0.031875       1.000000       2.095625       3.000000
0.032500       1.000000       2.097500       3.000000
0.033125       1.000000       2.099375       3.000000
0.033750       1.000000       2.101250       3.000000
0.034375       1.000000       2.103125       3.000000
0.035000       1.000000       2.105000       3.000000
0.035625       1.000000       2.106875       3.000000
0.036250       1.000000       2.108750       3.000000
0.036875       1.000000       2.110625       3.000000
0.037500       1.000000       2.112500       3.000000
0.038125       1.000000       2.114375       3.000000
0.038750       1.000000       2.116250       3.000000
0.039375       1.000000       2.118125       3.000000
0.040000       1.000000       2.120000       3.000000
0.040625       1.000000       2.121875       3.000000
0.041250       1.000000       2.123750       3.000000
0.041875       1.000000       2.125625       3.000000
0.042500       1.000000       2.127500       3.000000
0.043125       1.000000       2.129375       3.000000
0.043750       1.000000       2.131250       3.000000
0.044375       1.000000       2.133125       3.000000
0.045000       1.000000       2.135000       3.000000
0.045625       1.000000       2.136875       3.000000
0.046250       1.000000       2.138750       3.000000
0.046875       1.000000       2.140625       3.000000
0.047500       1.000000       2.142500       3.000000
0.048125       1.000000       2.144375       3.000000
0.048750       1.000000       2.146250       3.000000
0.049375       1.000000       2.148125       3.000000
0.050000       1.000000       2.150000       3.000000
0.050625       1.000000       2.151875       3.000000
0.051250       1.000000       2.153750       3.000000
0.051875       1.000000       2.155625       3.000000
0.052500       1.000000       2.157500       3.000000
0.053125       1.000000       2.159375       3.000000
0.053750       1.000000       2.161250       3.000000
0.054375       1.000000       2.163125       3.000000
0.055000       1.000000       2.165000       3.000000
0.055625       1.000000       2.166875       3.000000
0.056250       1.000000       2.168750       3.000000
0.056875       1.000000       2.170625       3.000000
0.057500       1.000000       2.172500       3.000000
0.058125       1.000000       2.174375       3.000000
0.058750       1.000000       2.176250       3.000000
0.059375       1.000000       2.178125       3.000000
0.060000       1.000000       2.180000       3.000000
0.060625       1.000000       2.181875       3.000000
0.061250       1.000000       2.183750       3.000000
0.061875       1.000000       2.185625       3.000000
0.062500       1.000000       2.187500       3.000000
0.063125       1.000000       2.189375       3.000000
0.063750       1.000000       2.191250       3.000000
0.064375       1.000000       2.193125       3.000000
0.065000       1.000000       2.195000       3.000000
0.065625       1.000000       2.196875       3.000000
0.066250       1.000000       2.198750       3.000000
0.066875       1.000000       2.200625       3.000000
0.067500       1.000000       2.202500       3.000000
0.068125       1.000000       2.204375       3.000000
0.068750       1.000000       2.206250       3.000000
0.069375       1.000000       2.208125       3.000000
0.070000       1.000000       2.210000       3.000000
0.070625       1.000000       2.211875       3.000000
0.071250       1.000000       2.213750       3.000000
0.071875       1.000000       2.215625       3.000000
0.072500       1.000000       2.217500       3.000000
0.073125       1.000000       2.219375       3.000000
0.073750       1.000000       2.221250       3.000000
0.074375       1.000000       2.223125       3.000000
0.075000       1.000000       2.225000       3.000000
0.075625       1.000000       2.226875       3.000000
0.076250       1.000000       2.228750       3.000000
0.076875       1.000000       2.230625       3.000000
0.077500       1.000000       2.232500       3.000000
0.078125       1.000000       2.234375       3.000000
0.078750       1.000000       2.236250       3.000000
0.079375       1.000000       2.238125       3.000000
0.080000       1.000000       2.240000       3.000000
0.080625       1.000000       2.241875       3.000000
0.081250       1.000000       2.243750       3.000000
0.081875       1.000000       2.245625       3.000000
0.082500       1.000000       2.247500       3.000000
0.083125       1.000000       2.249375       3.000000
0.083750       1.000000       2.251250       3.000000
0.084375       1.000000       2.253125       3.000000
0.085000       1.000000       2.255000       3.000000
0.085625       1.000000       2.256875       3.000000
0.086250       1.000000       2.258750       3.000000
0.086875       1.000000       2.260625       3.000000
0.087500       1.000000       2.262500       3.000000
0.088125       1.000000       2.264375       3.000000
0.088750       1.000000       2.266250       3.000000
0.089375       1.000000       2.268125       3.000000
0.090000       1.000000       2.270000       3.000000
0.090625       1.000000       2.271875       3.000000
0.091250       1.000000       2.273750       3.000000
0.091875       1.000000       2.275625       3.000000
0.092500       1.000000       2.277500       3.000000
0.093125       1.000000       2.279375       3.000000
0.093750       1.000000       2.281250       3.000000
0.094375       1.000000       2.283125       3.000000
0.095000       1.000000       2.285000       3.000000
0.095625       1.000000       2.286875       3.000000
0.096250       1.000000       2.288750       3.000000
0.096875       1.000000       2.290625       3.000000
0.097500       1.000000       2.292500       3.000000
0.098125       1.000000       2.294375       3.000000
0.098750       1.000000       2.296250       3.000000
0.099375       1.000000       2.298125       3.000000
0.100000       1.000000       2.300000       3.000000
0.100625       1.000000       2.301875       3.000000
0.101250       1.000000       2.303750       3.000000
0.101875       1.000000       2.305625       3.000000
0.102500       1.000000       2.307500       3.000000
0.103125       1.000000       2.309375       3.000000
0.103750       1.000000       2.311250       3.000000
0.104375       1.000000       2.313125       3.000000
0.105000       1.000000       2.315000       3.000000
0.105625       1.000000       2.316875       3.000000
0.106250       1.000000       2.318750       3.000000
0.106875       1.000000       2.320625       3.000000
0.107500       1.000000       2.322500       3.000000
0.108125       1.000000       2.324375       3.000000
0.108750       1.000000       2.326250       3.000000
0.109375       1.000000       2.328125       3.000000
0.110000       1.000000       2.330000       3.000000
0.110625       1.000000       2.331875       3.000000
0.111250       1.000000       2.333750       3.000000
0.111875       1.000000       2.335625       3.000000
0.112500       1.000000       2.337500       3.000000
0.113125       1.000000       2.339375       3.000000
0.113750       1.000000       2.341250       3.000000
0.114375       1.000000       2.343125       3.000000
0.115000       1.000000       2.345000       3.000000
0.115625       1.000000       2.346875       3.000000
0.116250       1.000000       2.348750       3.000000
0.116875       1.000000       2.350625       3.000000
0.117500       1.000000       2.352500       3.000000
0.118125       1.000000       2.354375       3.000000
0.118750       1.000000       2.356250       3.000000
0.119375       1.000000       2.358125       3.000000
0.120000       1.000000       2.360000       3.000000
0.120625       1.000000       2.361875       3.000000
0.121250       1.000000       2.363750       3.000000
0.121875       1.000000       2.365625       3.000000
0.122500       1.000000       2.367500       3.000000
0.123125       1.000000       2.369375       3.000000
0.123750       1.000000       2.371250       3.000000
0.124375       1.000000       2.373125       3.000000
0.125000       1.000000       2.375000       3.000000
0.125625       1.000000       2.376875       3.000000
0.126250       1.000000       2.378750       3.000000
0.126875       1.000000       2.380625       3.000000
0.127500       1.000000       2.382500       3.000000
0.128125       1.000000       2.384375       3.000000
0.128750       1.000000       2.386250       3.000000
0.129375       1.000000       2.388125       3.000000
0.130000       1.000000       2.390000       3.000000
0.130625       1.000000       2.391875       3.000000
0.131250       1.000000       2.393750       3.000000
0.131875       1.000000       2.395625       3.000000
0.132500       1.000000       2.397500       3.000000
0.133125       1.000000       2.399375       3.000000
0.133750       1.000000       2.401250       3.000000
0.134375       1.000000       2.403125       3.000000
0.135000       1.000000       2.405000       3.000000
0.135625       1.000000       2.406875       3.000000
0.136250       1.000000       2.408750       3.000000
0.136875       1.000000       2.410625       3.000000
0.137500       1.000000       2.412500       3.000000
0.138125       1.000000       2.414375       3.000000
0.138750       1.000000       2.416250       3.000000
0.139375       1.000000       2.418125       3.000000
0.140000       1.000000       2.420000       3.000000
0.140625       1.000000       2.421875       3.000000
0.141250       1.000000       2.423750       3.000000
0.141875       1.000000       2.425625       3.000000
0.142500       1.000000       2.427500       3.000000
0.143125       1.000000       2.429375       3.000000
0.143750       1.000000       2.431250       3.000000
0.144375       1.000000       2.433125       3.000000
0.145000       1.000000       2.435000       3.000000
0.145625       1.000000       2.436875       3.000000
0.146250       1.000000       2.438750       3.000000
0.146875       1.000000       2.440625       3.000000
0.147500       1.000000       2.442500       3.000000
0.148125       1.000000       2.444375       3.000000
0.148750       1.000000       2.446250       3.000000
0.149375       1.000000       2.448125       3.000000
0.150000       1.000000       2.450000       3.000000
0.150625       1.000000       2.451875       3.000000
0.151250       1.000000       2.453750       3.000000
0.151875       1.000000       2.455625       3.000000
0.152500       1.000000       2.457500       3.000000
0.153125       1.000000       2.459375       3.000000
0.153750       1.000000       2.461250       3.000000
0.154375       1.000000       2.463125       3.000000
0.155000       1.000000       2.465000       3.000000
0.155625       1.000000       2.466875       3.000000
0.156250       1.000000       2.468750       3.000000
0.156875       1.000000       2.470625       3.000000
0.157500       1.000000       2.472500       3.000000
0.158125       1.000000       2.474375       3.000000
0.158750       1.000000       2.476250       3.000000
0.159375       1.000000       2.478125       3.000000
0.160000       1.000000       2.480000       3.000000
0.160625       1.000000       2.481875       3.000000
0.161250       1.000000       2.483750       3.000000
0.161875       1.000000       2.485625       3.000000
0.162500       1.000000       2.487500       3.000000
0.163125       1.000000       2.489375       3.000000
0.163750       1.000000       2.491250       3.000000
0.164375       1.000000       2.493125       3.000000
0.165000       1.000000       2.495000       3.000000
0.165625       1.000000       2.496875       3.000000
0.166250       1.000000       2.498750       3.000000
0.166875       1.000000       2.500625       3.000000
0.167500       1.000000       2.502500       3.000000
0.168125       1.000000       2.504375       3.000000
0.168750       1.000000       2.506250       3.000000
0.169375       1.000000       2.508125       3.000000
0.170000       1.000000       2.510000       3.000000
0.170625       1.000000       2.511875       3.000000
0.171250       1.000000       2.513750       3.000000
0.171875       1.000000       2.515625       3.000000
0.172500       1.000000       2.517500       3.000000
0.173125       1.000000       2.519375       3.000000
0.173750       1.000000       2.521250       3.000000
0.174375       1.000000       2.523125       3.000000
0.175000       1.000000       2.525000       3.000000
0.175625       1.000000       2.526875       3.000000
0.176250       1.000000       2.528750       3.000000
0.176875       1.000000       2.530625       3.000000
0.177500       1.000000       2.532500       3.000000
0.178125       1.000000       2.534375       3.000000
0.178750       1.000000       2.536250       3.000000
0.179375       1.000000       2.538125       3.000000
0.180000       1.000000       2.540000       3.000000
0.180625       1.000000       2.541875       3.000000
0.181250       1.000000       2.543750       3.000000
0.181875       1.000000       2.545625       3.000000
0.182500       1.000000       2.547500       3.000000
0.183125       1.000000       2.549375       3.000000
0.183750       1.000000       2.551250       3.000000
0.184375       1.000000       2.553125       3.000000
0.185000       1.000000       2.555000       3.000000
0.185625       1.000000       2.556875       3.000000
0.186250       1.000000       2.558750       3.000000
0.186875       1.000000       2.560625       3.000000
0.187500       1.000000       2.562500       3.000000
0.188125       1.000000       2.564375       3.000000
0.188750       1.000000       2.566250       3.000000
0.189375       1.000000       2.568125       3.000000
0.190000       1.000000       2.570000       3.000000
0.190625       1.000000       2.571875       3.000000
0.191250       1.000000       2.573750       3.000000
0.191875       1.000000       2.575625       3.000000
0.192500       1.000000       2.577500       3.000000
0.193125       1.000000       2.579375       3.000000
0.193750       1.000000       2.581250       3.000000
0.194375       1.000000       2.583125       3.000000
0.195000       1.000000       2.585000       3.000000
0.195625       1.000000       2.586875       3.000000
0.196250       1.000000       2.588750       3.000000
0.196875       1.000000       2.590625       3.000000
0.197500       1.000000       2.592500       3.000000
0.198125       1.000000       2.594375       3.000000
0.198750       1.000000       2.596250       3.000000
0.199375       1.000000       2.598125       3.000000
0.200000       1.000000       2.600000       3.000000
0.200625       1.000000       2.601875       3.000000
0.201250       1.000000       2.603750       3.000000
0.201875       1.000000       2.605625       3.000000
0.202500       1.000000       2.607500       3.000000
0.203125       1.000000       2.609375       3.000000
0.203750       1.000000       2.611250       3.000000
0.204375       1.000000       2.613125       3.000000
0.205000       1.000000       2.615000       3.000000
0.205625       1.000000       2.616875       3.000000
0.206250       1.000000       2.618750       3.000000
0.206875       1.000000       2.620625       3.000000
0.207500       1.000000       2.622500       3.000000
0.208125       1.000000       2.624375       3.000000
0.208750       1.000000       2.626250       3.000000
0.209375       1.000000       2.628125       3.000000
0.210000       1.000000       2.630000       3.000000
0.210625       1.000000       2.631875       3.000000
0.211250       1.000000       2.633750       3.000000
0.211875       1.000000       2.635625       3.000000
0.212500       1.000000       2.637500       3.000000
0.213125       1.000000       2.639375       3.000000
0.213750       1.000000       2.641250       3.000000
0.214375       1.000000       2.643125       3.000000
0.215000       1.000000       2.645000       3.000000
0.215625       1.000000       2.646875       3.000000
0.216250       1.000000       2.648750       3.000000
0.216875       1.000000       2.650625       3.000000
0.217500       1.000000       2.652500       3.000000
0.218125       1.000000       2.654375       3.000000
0.218750       1.000000       2.656250       3.000000
0.219375       1.000000       2.658125       3.000000
0.220000       1.000000       2.660000       3.000000
0.220625       1.000000       2.661875       3.000000
0.221250       1.000000       2.663750       3.000000
0.221875       1.000000       2.665625       3.000000
0.222500       1.000000       2.667500       3.000000
0.223125       1.000000       2.669375       3.000000
0.223750       1.000000       2.671250       3.000000
0.224375       1.000000       2.673125       3.000000
0.225000       1.000000       2.675000       3.000000
0.225625       1.000000       2.676875       3.000000
0.226250       1.000000       2.678750       3.000000
0.226875       1.000000       2.680625       3.000000
0.227500       1.000000       2.682500       3.000000
0.228125       1.000000       2.684375       3.000000
0.228750       1.000000       2.686250       3.000000
0.229375       1.000000       2.688125       3.000000
0.230000       1.000000       2.690000       3.000000
0.230625       1.000000       2.691875       3.000000
0.231250       1.000000       2.693750       3.000000
0.231875       1.000000       2.695625       3.000000
0.232500       1.000000       2.697500       3.000000
0.233125       1.000000       2.699375       3.000000
0.233750       1.000000       2.701250       3.000000
0.234375       1.000000       2.703125       3.000000
0.235000       1.000000       2.705000       3.000000
0.235625       1.000000       2.706875       3.000000
0.236250       1.000000       2.708750       3.000000
0.236875       1.000000       2.710625       3.000000
0.237500       1.000000       2.712500       3.000000
0.238125       1.000000       2.714375       3.000000
0.238750       1.000000       2.716250       3.000000
0.239375       1.000000       2.718125       3.000000
0.240000       1.000000       2.720000       3.000000
0.240625       1.000000       2.721875       3.000000
0.241250       1.000000       2.723750       3.000000
0.241875       1.000000       2.725625       3.000000
0.242500       1.000000       2.727500       3.000000
0.243125       1.000000       2.729375       3.000000
0.243750       1.000000       2.731250       3.000000
0.244375       1.000000       2.733125       3.000000
0.245000       1.000000       2.735000       3.000000
0.245625       1.000000       2.736875       3.000000
0.246250       1.000000       2.738750       3.000000
0.246875       1.000000       2.740625       3.000000
0.247500       1.000000       2.742500       3.000000
0.248125       1.000000       2.744375       3.000000
0.248750       1.000000       2.746250       3.000000
0.249375       1.000000       2.748125       3.000000
0.250000       1.000000       2.750000       3.000000
0.250625       1.000000       2.751875       3.000000
0.251250       1.000000       2.753750       3.000000
0.251875       1.000000       2.755625       3.000000
0.252500       1.000000       2.757500       3.000000
0.253125       1.000000       2.759375       3.000000
0.253750       1.000000       2.761250       3.000000
0.254375       1.000000       2.763125       3.000000
0.255000       1.000000       2.765000       3.000000
0.255625       1.000000       2.766875       3.000000
0.256250       1.000000       2.768750       3.000000
0.256875       1.000000       2.770625       3.000000
0.257500       1.000000       2.772500       3.000000
0.258125       1.000000       2.774375       3.000000
0.258750       1.000000       2.776250       3.000000
0.259375       1.000000       2.778125       3.000000
0.260000       1.000000       2.780000       3.000000
0.260625       1.000000       2.781875       3.000000
0.261250       1.000000       2.783750       3.000000
0.261875       1.000000       2.785625       3.000000
0.262500       1.000000       2.787500       3.000000
0.263125       1.000000       2.789375       3.000000
0.263750       1.000000       2.791250       3.000000
0.264375       1.000000       2.793125       3.000000
0.265000       1.000000       2.795000       3.000000
0.265625       1.000000       2.796875       3.000000
0.266250       1.000000       2.798750       3.000000
0.266875       1.000000       2.800625       3.000000
0.267500       1.000000       2.802500       3.000000
0.268125       1.000000       2.804375       3.000000
0.268750       1.000000       2.806250       3.000000
0.269375       1.000000       2.808125       3.000000
0.270000       1.000000       2.810000       3.000000
0.270625       1.000000       2.811875       3.000000
0.271250       1.000000       2.813750       3.000000
0.271875       1.000000       2.815625       3.000000
0.272500       1.000000       2.817500       3.000000
0.273125       1.000000       2.819375       3.000000
0.273750       1.000000       2.821250       3.000000
0.274375       1.000000       2.823125       3.000000
0.275000       1.000000       2.825000       3.000000
0.275625       1.000000       2.826875       3.000000
0.276250       1.000000       2.828750       3.000000
0.276875       1.000000       2.830625       3.000000
0.277500       1.000000       2.832500       3.000000
0.278125       1.000000       2.834375       3.000000
0.278750       1.000000       2.836250       3.000000
0.279375       1.000000       2.838125       3.000000
0.280000       1.000000       2.840000       3.000000
0.280625       1.000000       2.841875       3.000000
0.281250       1.000000       2.843750       3.000000
0.281875       1.000000       2.845625       3.000000
0.282500       1.000000       2.847500       3.000000
0.283125       1.000000       2.849375       3.000000
0.283750       1.000000       2.851250       3.000000
0.284375       1.000000       2.853125       3.000000
0.285000       1.000000       2.855000       3.000000
0.285625       1.000000       2.856875       3.000000
0.286250       1.000000       2.858750       3.000000
0.286875       1.000000       2.860625       3.000000
0.287500       1.000000       2.862500       3.000000
0.288125       1.000000       2.864375       3.000000
0.288750       1.000000       2.866250       3.000000
0.289375       1.000000       2.868125       3.000000
0.290000       1.000000       2.870000       3.000000
0.290625       1.000000       2.871875       3.000000
0.291250       1.000000       2.873750       3.000000
0.291875       1.000000       2.875625       3.000000
0.292500       1.000000       2.877500       3.000000
0.293125       1.000000       2.879375       3.000000
0.293750       1.000000       2.881250       3.000000
0.294375       1.000000       2.883125       3.000000
0.295000       1.000000       2.885000       3.000000
0.295625       1.000000       2.886875       3.000000
0.296250       1.000000       2.888750       3.000000
0.296875       1.000000       2.890625       3.000000
0.297500       1.000000       2.892500       3.000000
0.298125       1.000000       2.894375       3.000000
0.298750       1.000000       2.896250       3.000000
0.299375       1.000000       2.898125       3.000000
0.300000       1.000000       2.900000       3.000000
0.300625       1.000000       2.901875       3.000000
0.301250       1.000000       2.903750       3.000000
0.301875       1.000000       2.905625       3.000000
0.302500       1.000000       2.907500       3.000000
0.303125       1.000000       2.909375       3.000000
0.303750       1.000000       2.911250       3.000000
0.304375       1.000000       2.913125       3.000000
0.305000       1.000000       2.915000       3.000000
0.305625       1.000000       2.916875       3.000000
0.306250       1.000000       2.918750       3.000000
0.306875       1.000000       2.920625       3.000000
0.307500       1.000000       2.922500       3.000000
0.308125       1.000000       2.924375       3.000000
0.308750       1.000000       2.926250       3.000000
0.309375       1.000000       2.928125       3.000000
0.310000       1.000000       2.930000       3.000000
0.310625       1.000000       2.931875       3.000000
0.311250       1.000000       2.933750       3.000000
0.311875       1.000000       2.935625       3.000000
0.312500       1.000000       2.937500       3.000000
0.313125       1.000000       2.939375       3.000000
0.313750       1.000000       2.941250       3.000000
0.314375       1.000000       2.943125       3.000000
0.315000       1.000000       2.945000       3.000000
0.315625       1.000000       2.946875       3.000000
0.316250       1.000000       2.948750       3.000000
0.316875       1.000000       2.950625       3.000000
0.317500       1.000000       2.952500       3.000000
0.318125       1.000000       2.954375       3.000000
0.318750       1.000000       2.956250       3.000000
0.319375       1.000000       2.958125       3.000000
0.320000       1.000000       2.960000       3.000000
0.320625       1.000000       2.961875       3.000000
0.321250       1.000000       2.963750       3.000000
0.321875       1.000000       2.965625       3.000000
0.322500       1.000000       2.967500       3.000000
0.323125       1.000000       2.969375       3.000000
0.323750       1.000000       2.971250       3.000000
0.324375       1.000000       2.973125       3.000000
0.325000       1.000000       2.975000       3.000000
0.325625       1.000000       2.976875       3.000000
0.326250       1.000000       2.978750       3.000000
0.326875       1.000000       2.980625       3.000000
0.327500       1.000000       2.982500       3.000000
0.328125       1.000000       2.984375       3.000000
0.328750       1.000000       2.986250       3.000000
0.329375       1.000000       2.988125       3.000000
0.330000       1.000000       2.990000       3.000000
0.330625       1.000000       2.991875       3.000000
0.331250       1.000000       2.993750       3.000000
0.331875       1.000000       2.995625       3.000000
0.332500       1.000000       2.997500       3.000000
0.333125       1.000000       2.999375       3.000000
0.333750       1.000000       3.001250       3.000000
0.334375       1.000000       3.003125       3.000000
0.335000       1.000000       3.005000       3.000000
0.335625       1.000000       3.006875       3.000000
0.336250       1.000000       3.008750       3.000000
0.336875       1.000000       3.010625       3.000000
0.337500       1.000000       3.012500       3.000000
0.338125       1.000000       3.014375       3.000000
0.338750       1.000000       3.016250       3.000000
0.339375       1.000000       3.018125       3.000000
0.340000       1.000000       3.020000       3.000000
0.340625       1.000000       3.021875       3.000000
0.341250       1.000000       3.023750       3.000000
0.341875       1.000000       3.025625       3.000000
0.342500       1.000000       3.027500       3.000000
0.343125       1.000000       3.029375       3.000000
0.343750       1.000000       3.031250       3.000000
0.344375       1.000000       3.033125       3.000000
0.345000       1.000000       3.035000       3.000000
0.345625       1.000000       3.036875       3.000000
0.346250       1.000000       3.038750       3.000000
0.346875       1.000000       3.040625       3.000000
0.347500       1.000000       3.042500       3.000000
0.348125       1.000000       3.044375       3.000000
0.348750       1.000000       3.046250       3.000000
0.349375       1.000000       3.048125       3.000000
0.350000       1.000000       3.050000       3.000000
0.350625       1.000000       3.051875       3.000000
0.351250       1.000000       3.053750       3.000000
0.351875       1.000000       3.055625       3.000000
0.352500       1.000000       3.057500       3.000000
0.353125       1.000000       3.059375       3.000000
0.353750       1.000000       3.061250       3.000000
0.354375       1.000000       3.063125       3.000000
0.355000       1.000000       3.065000       3.000000
0.355625       1.000000       3.066875       3.000000
0.356250       1.000000       3.068750       3.000000
0.356875       1.000000       3.070625       3.000000
0.357500       1.000000       3.072500       3.000000
0.358125       1.000000       3.074375       3.000000
0.358750       1.000000       3.076250       3.000000
0.359375       1.000000       3.078125       3.000000
0.360000       1.000000       3.080000       3.000000
0.360625       1.000000       3.081875       3.000000
0.361250       1.000000       3.083750       3.000000
0.361875       1.000000       3.085625       3.000000
0.362500       1.000000       3.087500       3.000000
0.363125       1.000000       3.089375       3.000000
0.363750       1.000000       3.091250       3.000000
0.364375       1.000000       3.093125       3.000000
0.365000       1.000000       3.095000       3.000000
0.365625       1.000000       3.096875       3.000000
0.366250       1.000000       3.098750       3.000000
0.366875       1.000000       3.100625       3.000000
0.367500       1.000000       3.102500       3.000000
0.368125       1.000000       3.104375       3.000000
0.368750       1.000000       3.106250       3.000000
0.369375       1.000000       3.108125       3.000000
0.370000       1.000000       3.110000       3.000000
0.370625       1.000000       3.111875       3.000000
0.371250       1.000000       3.113750       3.000000
0.371875       1.000000       3.115625       3.000000
0.372500       1.000000       3.117500       3.000000
0.373125       1.000000       3.119375       3.000000
0.373750       1.000000       3.121250       3.000000
0.374375       1.000000       3.123125       3.000000
0.375000       1.000000       3.125000       3.000000
0.375625       1.000000       3.126875       3.000000
0.376250       1.000000       3.128750       3.000000
0.376875       1.000000       3.130625       3.000000
0.377500       1.000000       3.132500       3.000000
0.378125       1.000000       3.134375       3.000000
0.378750       1.000000       3.136250       3.000000
0.379375       1.000000       3.138125       3.000000
0.380000       1.000000       3.140000       3.000000
0.380625       1.000000       3.141875       3.000000
0.381250       1.000000       3.143750       3.000000
0.381875       1.000000       3.145625       3.000000
0.382500       1.000000       3.147500       3.000000
0.383125       1.000000       3.149375       3.000000
0.383750       1.000000       3.151250       3.000000
0.384375       1.000000       3.153125       3.000000
0.385000       1.000000       3.155000       3.000000
0.385625       1.000000       3.156875       3.000000
0.386250       1.000000       3.158750       3.000000
0.386875       1.000000       3.160625       3.000000
0.387500       1.000000       3.162500       3.000000
0.388125       1.000000       3.164375       3.000000
0.388750       1.000000       3.166250       3.000000
0.389375       1.000000       3.168125       3.000000
0.390000       1.000000       3.170000       3.000000
0.390625       1.000000       3.171875       3.000000
0.391250       1.000000       3.173750       3.000000
0.391875       1.000000       3.175625       3.000000
0.392500       1.000000       3.177500       3.000000
0.393125       1.000000       3.179375       3.000000
0.393750       1.000000       3.181250       3.000000
0.394375       1.000000       3.183125       3.000000
0.395000       1.000000       3.185000       3.000000
0.395625       1.000000       3.186875       3.000000
0.396250       1.000000       3.188750       3.000000
0.396875       1.000000       3.190625       3.000000
0.397500       1.000000       3.192500       3.000000
0.398125       1.000000       3.194375       3.000000
0.398750       1.000000       3.196250       3.000000
0.399375       1.000000       3.198125       3.000000
0.400000       1.000000       3.200000       3.000000
0.400625       1.000000       3.201875       3.000000
0.401250       1.000000       3.203750       3.000000
0.401875       1.000000       3.205625       3.000000
0.402500       1.000000       3.207500       3.000000
0.403125       1.000000       3.209375       3.000000
0.403750       1.000000       3.211250       3.000000
0.404375       1.000000       3.213125       3.000000
0.405000       1.000000       3.215000       3.000000
0.405625       1.000000       3.216875       3.000000
0.406250       1.000000       3.218750       3.000000
0.406875       1.000000       3.220625       3.000000
0.407500       1.000000       3.222500       3.000000
0.408125       1.000000       3.224375       3.000000
0.408750       1.000000       3.226250       3.000000
0.409375       1.000000       3.228125       3.000000
0.410000       1.000000       3.230000       3.000000
0.410625       1.000000       3.231875       3.000000
0.411250       1.000000       3.233750       3.000000
0.411875       1.000000       3.235625       3.000000
0.412500       1.000000       3.237500       3.000000
0.413125       1.000000       3.239375       3.000000
0.413750       1.000000       3.241250       3.000000
0.414375       1.000000       3.243125       3.000000
0.415000       1.000000       3.245000       3.000000
0.415625       1.000000       3.246875       3.000000
0.416250       1.000000       3.248750       3.000000
0.416875       1.000000       3.250625       3.000000
0.417500       1.000000       3.252500       3.000000
0.418125       1.000000       3.254375       3.000000
0.418750       1.000000       3.256250       3.000000
0.419375       1.000000       3.258125       3.000000
0.420000       1.000000       3.260000       3.000000
0.420625       1.000000       3.261875       3.000000
0.421250       1.000000       3.263750       3.000000
0.421875       1.000000       3.265625       3.000000
0.422500       1.000000       3.267500       3.000000
0.423125       1.000000       3.269375       3.000000
0.423750       1.000000       3.271250       3.000000
0.424375       1.000000       3.273125       3.000000
0.425000       1.000000       3.275000       3.000000
0.425625       1.000000       3.276875       3.000000
0.426250       1.000000       3.278750       3.000000
0.426875       1.000000       3.280625       3.000000
0.427500       1.000000       3.282500       3.000000
0.428125       1.000000       3.284375       3.000000
0.428750       1.000000       3.286250       3.000000
0.429375       1.000000       3.288125       3.000000
0.430000       1.000000       3.290000       3.000000
0.430625       1.000000       3.291875       3.000000
0.431250       1.000000       3.293750       3.000000
0.431875       1.000000       3.295625       3.000000
0.432500       1.000000       3.297500       3.000000
0.433125       1.000000       3.299375       3.000000
0.433750       1.000000       3.301250       3.000000
0.434375       1.000000       3.303125       3.000000
0.435000       1.000000       3.305000       3.000000
0.435625       1.000000       3.306875       3.000000
0.436250       1.000000       3.308750       3.000000
0.436875       1.000000       3.310625       3.000000
0.437500       1.000000       3.312500       3.000000
0.438125       1.000000       3.314375       3.000000
0.438750       1.000000       3.316250       3.000000
0.439375       1.000000       3.318125       3.000000
0.440000       1.000000       3.320000       3.000000
0.440625       1.000000       3.321875       3.000000
0.441250       1.000000       3.323750       3.000000
0.441875       1.000000       3.325625       3.000000
0.442500       1.000000       3.327500       3.000000
0.443125       1.000000       3.329375       3.000000
0.443750       1.000000       3.331250       3.000000
0.444375       1.000000       3.333125       3.000000
0.445000       1.000000       3.335000       3.000000
0.445625       1.000000       3.336875       3.000000
0.446250       1.000000       3.338750       3.000000
0.446875       1.000000       3.340625       3.000000
0.447500       1.000000       3.342500       3.000000
0.448125       1.000000       3.344375       3.000000
0.448750       1.000000       3.346250       3.000000
0.449375       1.000000       3.348125       3.000000
0.450000       1.000000       3.350000       3.000000
0.450625       1.000000       3.351875       3.000000
0.451250       1.000000       3.353750       3.000000
0.451875       1.000000       3.355625       3.000000
0.452500       1.000000       3.357500       3.000000
0.453125       1.000000       3.359375       3.000000
0.453750       1.000000       3.361250       3.000000
0.454375       1.000000       3.363125       3.000000
0.455000       1.000000       3.365000       3.000000
0.455625       1.000000       3.366875       3.000000
0.456250       1.000000       3.368750       3.000000
0.456875       1.000000       3.370625       3.000000
0.457500       1.000000       3.372500       3.000000
0.458125       1.000000       3.374375       3.000000
0.458750       1.000000       3.376250       3.000000
0.459375       1.000000       3.378125       3.000000
0.460000       1.000000       3.380000       3.000000
0.460625       1.000000       3.381875       3.000000
0.461250       1.000000       3.383750       3.000000
0.461875       1.000000       3.385625       3.000000
0.462500       1.000000       3.387500       3.000000
0.463125       1.000000       3.389375       3.000000
0.463750       1.000000       3.391250       3.000000
0.464375       1.000000       3.393125       3.000000
0.465000       1.000000       3.395000       3.000000
0.465625       1.000000       3.396875       3.000000
0.466250       1.000000       3.398750       3.000000
0.466875       1.000000       3.400625       3.000000
0.467500       1.000000       3.402500       3.000000
0.468125       1.000000       3.404375       3.000000
0.468750       1.000000       3.406250       3.000000
0.469375       1.000000       3.408125       3.000000
0.470000       1.000000       3.410000       3.000000
0.470625       1.000000       3.411875       3.000000
0.471250       1.000000       3.413750       3.000000
0.471875       1.000000       3.415625       3.000000
0.472500       1.000000       3.417500       3.000000
0.473125       1.000000       3.419375       3.000000
0.473750       1.000000       3.421250       3.000000
0.474375       1.000000       3.423125       3.000000
0.475000       1.000000       3.425000       3.000000
0.475625       1.000000       3.426875       3.000000
0.476250       1.000000       3.428750       3.000000
0.476875       1.000000       3.430625       3.000000
0.477500       1.000000       3.432500       3.000000
0.478125       1.000000       3.434375       3.000000
0.478750       1.000000       3.436250       3.000000
0.479375       1.000000       3.438125       3.000000
0.480000       1.000000       3.440000       3.000000
0.480625       1.000000       3.441875       3.000000
0.481250       1.000000       3.443750       3.000000
0.481875       1.000000       3.445625       3.000000
0.482500       1.000000       3.447500       3.000000
0.483125       1.000000       3.449375       3.000000
0.483750       1.000000       3.451250       3.000000
0.484375       1.000000       3.453125       3.000000
0.485000       1.000000       3.455000       3.000000
0.485625       1.000000       3.456875       3.000000
0.486250       1.000000       3.458750       3.000000
0.486875       1.000000       3.460625       3.000000
0.487500       1.000000       3.462500       3.000000
0.488125       1.000000       3.464375       3.000000
0.488750       1.000000       3.466250       3.000000
0.489375       1.000000       3.468125       3.000000
0.490000       1.000000       3.470000       3.000000
0.490625       1.000000       3.471875       3.000000
0.491250       1.000000       3.473750       3.000000
0.491875       1.000000       3.475625       3.000000
0.492500       1.000000       3.477500       3.000000
0.493125       1.000000       3.479375       3.000000
0.493750       1.000000       3.481250       3.000000
0.494375       1.000000       3.483125       3.000000
0.495000       1.000000       3.485000       3.000000
0.495625       1.000000       3.486875       3.000000
0.496250       1.000000       3.488750       3.000000
0.496875       1.000000       3.490625       3.000000
0.497500       1.000000       3.492500       3.000000
0.498125       1.000000       3.494375       3.000000
0.498750       1.000000       3.496250       3.000000
0.499375       1.000000       3.498125       3.000000
0.500000       1.000000       3.500000       3.000000
0.500625       1.000000       3.501875       3.000000
0.501250       1.000000       3.503750       3.000000
0.501875       1.000000       3.505625       3.000000
0.502500       1.000000       3.507500       3.000000
0.503125       1.000000       3.509375       3.000000
0.503750       1.000000       3.511250       3.000000
0.504375       1.000000       3.513125       3.000000
0.505000       1.000000       3.515000       3.000000
0.505625       1.000000       3.516875       3.000000
0.506250       1.000000       3.518750       3.000000
0.506875       1.000000       3.520625       3.000000
0.507500       1.000000       3.522500       3.000000
0.508125       1.000000       3.524375       3.000000
0.508750       1.000000       3.526250       3.000000
0.509375       1.000000       3.528125       3.000000
0.510000       1.000000       3.530000       3.000000
0.510625       1.000000       3.531875       3.000000
0.511250       1.000000       3.533750       3.000000
0.511875       1.000000       3.535625       3.000000
0.512500       1.000000       3.537500       3.000000
0.513125       1.000000       3.539375       3.000000
0.513750       1.000000       3.541250       3.000000
0.514375       1.000000       3.543125       3.000000
0.515000       1.000000       3.545000       3.000000
0.515625       1.000000       3.546875       3.000000
0.516250       1.000000       3.548750       3.000000
0.516875       1.000000       3.550625       3.000000
0.517500       1.000000       3.552500       3.000000
0.518125       1.000000       3.554375       3.000000
0.518750       1.000000       3.556250       3.000000
0.519375       1.000000       3.558125       3.000000
0.520000       1.000000       3.560000       3.000000
0.520625       1.000000       3.561875       3.000000
0.521250       1.000000       3.563750       3.000000
0.521875       1.000000       3.565625       3.000000
0.522500       1.000000       3.567500       3.000000
0.523125       1.000000       3.569375       3.000000
0.523750       1.000000       3.571250       3.000000
0.524375       1.000000       3.573125       3.000000
0.525000       1.000000       3.575000       3.000000
0.525625       1.000000       3.576875       3.000000
0.526250       1.000000       3.578750       3.000000
0.526875       1.000000       3.580625       3.000000
0.527500       1.000000       3.582500       3.000000
0.528125       1.000000       3.584375       3.000000
0.528750       1.000000       3.586250       3.000000
0.529375       1.000000       3.588125       3.000000
0.530000       1.000000       3.590000       3.000000
0.530625       1.000000       3.591875       3.000000
0.531250       1.000000       3.593750       3.000000
0.531875       1.000000       3.595625       3.000000
0.532500       1.000000       3.597500       3.000000
0.533125       1.000000       3.599375       3.000000
0.533750       1.000000       3.601250       3.000000
0.534375       1.000000       3.603125       3.000000
0.535000       1.000000       3.605000       3.000000
0.535625       1.000000       3.606875       3.000000
0.536250       1.000000       3.608750       3.000000
0.536875       1.000000       3.610625       3.000000
0.537500       1.000000       3.612500       3.000000
0.538125       1.000000       3.614375       3.000000
0.538750       1.000000       3.616250       3.000000
0.539375       1.000000       3.618125       3.000000
0.540000       1.000000       3.620000       3.000000
0.540625       1.000000       3.621875       3.000000
0.541250       1.000000       3.623750       3.000000
0.541875       1.000000       3.625625       3.000000
0.542500       1.000000       3.627500       3.000000
0.543125       1.000000       3.629375       3.000000
0.543750       1.000000       3.631250       3.000000
0.544375       1.000000       3.633125       3.000000
0.545000       1.000000       3.635000       3.000000
0.545625       1.000000       3.636875       3.000000
0.546250       1.000000       3.638750       3.000000
0.546875       1.000000       3.640625       3.000000
0.547500       1.000000       3.642500       3.000000
0.548125       1.000000       3.644375       3.000000
0.548750       1.000000       3.646250       3.000000
0.549375       1.000000       3.648125       3.000000
0.550000       1.000000       3.650000       3.000000
0.550625       1.000000       3.651875       3.000000
0.551250       1.000000       3.653750       3.000000
0.551875       1.000000       3.655625       3.000000
0.552500       1.000000       3.657500       3.000000
0.553125       1.000000       3.659375       3.000000
0.553750       1.000000       3.661250       3.000000
0.554375       1.000000       3.663125       3.000000
0.555000       1.000000       3.665000       3.000000
0.555625       1.000000       3.666875       3.000000
0.556250       1.000000       3.668750       3.000000
0.556875       1.000000       3.670625       3.000000
0.557500       1.000000       3.672500       3.000000
0.558125       1.000000       3.674375       3.000000
0.558750       1.000000       3.676250       3.000000
0.559375       1.000000       3.678125       3.000000
0.560000       1.000000       3.680000       3.000000
0.560625       1.000000       3.681875       3.000000
0.561250       1.000000       3.683750       3.000000
0.561875       1.000000       3.685625       3.000000
0.562500       1.000000       3.687500       3.000000
0.563125       1.000000       3.689375       3.000000
0.563750       1.000000       3.691250       3.000000
0.564375       1.000000       3.693125       3.000000
0.565000       1.000000       3.695000       3.000000
0.565625       1.000000       3.696875       3.000000
0.566250       1.000000       3.698750       3.000000
0.566875       1.000000       3.700625       3.000000
0.567500       1.000000       3.702500       3.000000
0.568125       1.000000       3.704375       3.000000
0.568750       1.000000       3.706250       3.000000
0.569375       1.000000       3.708125       3.000000
0.570000       1.000000       3.710000       3.000000
0.570625       1.000000       3.711875       3.000000
0.571250       1.000000       3.713750       3.000000
0.571875       1.000000       3.715625       3.000000
0.572500       1.000000       3.717500       3.000000
0.573125       1.000000       3.719375       3.000000
0.573750       1.000000       3.721250       3.000000
0.574375       1.000000       3.723125       3.000000
0.575000       1.000000       3.725000       3.000000
0.575625       1.000000       3.726875       3.000000
0.576250       1.000000       3.728750       3.000000
0.576875       1.000000       3.730625       3.000000
0.577500       1.000000       3.732500       3.000000
0.578125       1.000000       3.734375       3.000000
0.578750       1.000000       3.736250       3.000000
0.579375       1.000000       3.738125       3.000000
0.580000       1.000000       3.740000       3.000000
0.580625       1.000000       3.741875       3.000000
0.581250       1.000000       3.743750       3.000000
0.581875       1.000000       3.745625       3.000000
0.582500       1.000000       3.747500       3.000000
0.583125       1.000000       3.749375       3.000000
0.583750       1.000000       3.751250       3.000000
0.584375       1.000000       3.753125       3.000000
0.585000       1.000000       3.755000       3.000000
0.585625       1.000000       3.756875       3.000000
0.586250       1.000000       3.758750       3.000000
0.586875       1.000000       3.760625       3.000000
0.587500       1.000000       3.762500       3.000000
0.588125       1.000000       3.764375       3.000000
0.588750       1.000000       3.766250       3.000000
0.589375       1.000000       3.768125       3.000000
0.590000       1.000000       3.770000       3.000000
0.590625       1.000000       3.771875       3.000000
0.591250       1.000000       3.773750       3.000000
0.591875       1.000000       3.775625       3.000000
0.592500       1.000000       3.777500       3.000000
0.593125       1.000000       3.779375       3.000000
0.593750       1.000000       3.781250       3.000000
0.594375       1.000000       3.783125       3.000000
0.595000       1.000000       3.785000       3.000000
0.595625       1.000000       3.786875       3.000000
0.596250       1.000000       3.788750       3.000000
0.596875       1.000000       3.790625       3.000000
0.597500       1.000000       3.792500       3.000000
0.598125       1.000000       3.794375       3.000000
0.598750       1.000000       3.796250       3.000000
0.599375       1.000000       3.798125       3.000000
0.600000       1.000000       3.800000       3.000000
0.600625       1.000000       3.801875       3.000000
0.601250       1.000000       3.803750       3.000000
0.601875       1.000000       3.805625       3.000000
0.602500       1.000000       3.807500       3.000000
0.603125       1.000000       3.809375       3.000000
0.603750       1.000000       3.811250       3.000000
0.604375       1.000000       3.813125       3.000000
0.605000       1.000000       3.815000       3.000000
0.605625       1.000000       3.816875       3.000000
0.606250       1.000000       3.818750       3.000000
0.606875       1.000000       3.820625       3.000000
0.607500       1.000000       3.822500       3.000000
0.608125       1.000000       3.824375       3.000000
0.608750       1.000000       3.826250       3.000000
0.609375       1.000000       3.828125       3.000000
0.610000       1.000000       3.830000       3.000000
0.610625       1.000000       3.831875       3.000000
0.611250       1.000000       3.833750       3.000000
0.611875       1.000000       3.835625       3.000000
0.612500       1.000000       3.837500       3.000000
0.613125       1.000000       3.839375       3.000000
0.613750       1.000000       3.841250       3.000000
0.614375       1.000000       3.843125       3.000000
0.615000       1.000000       3.845000       3.000000
0.615625       1.000000       3.846875       3.000000
0.616250       1.000000       3.848750       3.000000
0.616875       1.000000       3.850625       3.000000
0.617500       1.000000       3.852500       3.000000
0.618125       1.000000       3.854375       3.000000
0.618750       1.000000       3.856250       3.000000
0.619375       1.000000       3.858125       3.000000
0.620000       1.000000       3.860000       3.000000
0.620625       1.000000       3.861875       3.000000
0.621250       1.000000       3.863750       3.000000
0.621875       1.000000       3.865625       3.000000
0.622500       1.000000       3.867500       3.000000
0.623125       1.000000       3.869375       3.000000
0.623750       1.000000       3.871250       3.000000
0.624375       1.000000       3.873125       3.000000
0.625000       1.000000       3.875000       3.000000
0.625625       1.000000       3.876875       3.000000
0.626250       1.000000       3.878750       3.000000
0.626875       1.000000       3.880625       3.000000
0.627500       1.000000       3.882500       3.000000
0.628125       1.000000       3.884375       3.000000
0.628750       1.000000       3.886250       3.000000
0.629375       1.000000       3.888125       3.000000
0.630000       1.000000       3.890000       3.000000
0.630625       1.000000       3.891875       3.000000
0.631250       1.000000       3.893750       3.000000
0.631875       1.000000       3.895625       3.000000
0.632500       1.000000       3.897500       3.000000
0.633125       1.000000       3.899375       3.000000
0.633750       1.000000       3.901250       3.000000
0.634375       1.000000       3.903125       3.000000
0.635000       1.000000       3.905000       3.000000
0.635625       1.000000       3.906875       3.000000
0.636250       1.000000       3.908750       3.000000
0.636875       1.000000       3.910625       3.000000
0.637500       1.000000       3.912500       3.000000
0.638125       1.000000       3.914375       3.000000
0.638750       1.000000       3.916250       3.000000
0.639375       1.000000       3.918125       3.000000
0.640000       1.000000       3.920000       3.000000
0.640625       1.000000       3.921875       3.000000
0.641250       1.000000       3.923750       3.000000
0.641875       1.000000       3.925625       3.000000
0.642500       1.000000       3.927500       3.000000
0.643125       1.000000       3.929375       3.000000
0.643750       1.000000       3.931250       3.000000
0.644375       1.000000       3.933125       3.000000
0.645000       1.000000       3.935000       3.000000
0.645625       1.000000       3.936875       3.000000
0.646250       1.000000       3.938750       3.000000
0.646875       1.000000       3.940625       3.000000
0.647500       1.000000       3.942500       3.000000
0.648125       1.000000       3.944375       3.000000
0.648750       1.000000       3.946250       3.000000
0.649375       1.000000       3.948125       3.000000
0.650000       1.000000       3.950000       3.000000
0.650625       1.000000       3.951875       3.000000
0.651250       1.000000       3.953750       3.000000
0.651875       1.000000       3.955625       3.000000
0.652500       1.000000       3.957500       3.000000
0.653125       1.000000       3.959375       3.000000
0.653750       1.000000       3.961250       3.000000
0.654375       1.000000       3.963125       3.000000
0.655000       1.000000       3.965000       3.000000
0.655625       1.000000       3.966875       3.000000
0.656250       1.000000       3.968750       3.000000
0.656875       1.000000       3.970625       3.000000
0.657500       1.000000       3.972500       3.000000
0.658125       1.000000       3.974375       3.000000
0.658750       1.000000       3.976250       3.000000
0.659375       1.000000       3.978125       3.000000
0.660000       1.000000       3.980000       3.000000
0.660625       1.000000       3.981875       3.000000
0.661250       1.000000       3.983750       3.000000
0.661875       1.000000       3.985625       3.000000
0.662500       1.000000       3.987500       3.000000
0.663125       1.000000       3.989375       3.000000
0.663750       1.000000       3.991250       3.000000
0.664375       1.000000       3.993125       3.000000
0.665000       1.000000       3.995000       3.000000
0.665625       1.000000       3.996875       3.000000
0.666250       1.000000       3.998750       3.000000
0.666875       1.000000       4.000625       3.000000
0.667500       1.000000       4.002500       3.000000
0.668125       1.000000       4.004375       3.000000
0.668750       1.000000       4.006250       3.000000
0.669375       1.000000       4.008125       3.000000
0.670000       1.000000       4.010000       3.000000
0.670625       1.000000       4.011875       3.000000
0.671250       1.000000       4.013750       3.000000
0.671875       1.000000       4.015625       3.000000
0.672500       1.000000       4.017500       3.000000
0.673125       1.000000       4.019375       3.000000
0.673750       1.000000       4.021250       3.000000
0.674375       1.000000       4.023125       3.000000
0.675000       1.000000       4.025000       3.000000
0.675625       1.000000       4.026875       3.000000
0.676250       1.000000       4.028750       3.000000
0.676875       1.000000       4.030625       3.000000
0.677500       1.000000       4.032500       3.000000
0.678125       1.000000       4.034375       3.000000
0.678750       1.000000       4.036250       3.000000
0.679375       1.000000       4.038125       3.000000
0.680000       1.000000       4.040000       3.000000
0.680625       1.000000       4.041875       3.000000
0.681250       1.000000       4.043750       3.000000
0.681875       1.000000       4.045625       3.000000
0.682500       1.000000       4.047500       3.000000
0.683125       1.000000       4.049375       3.000000
0.683750       1.000000       4.051250       3.000000
0.684375       1.000000       4.053125       3.000000
0.685000       1.000000       4.055000       3.000000
0.685625       1.000000       4.056875       3.000000
0.686250       1.000000       4.058750       3.000000
0.686875       1.000000       4.060625       3.000000
0.687500       1.000000       4.062500       3.000000
0.688125       1.000000       4.064375       3.000000
0.688750       1.000000       4.066250       3.000000
0.689375       1.000000       4.068125       3.000000
0.690000       1.000000       4.070000       3.000000
0.690625       1.000000       4.071875       3.000000
0.691250       1.000000       4.073750       3.000000
0.691875       1.000000       4.075625       3.000000
0.692500       1.000000       4.077500       3.000000
0.693125       1.000000       4.079375       3.000000
0.693750       1.000000       4.081250       3.000000
0.694375       1.000000       4.083125       3.000000
0.695000       1.000000       4.085000       3.000000
0.695625       1.000000       4.086875       3.000000
0.696250       1.000000       4.088750       3.000000
0.696875       1.000000       4.090625       3.000000
0.697500       1.000000       4.092500       3.000000
0.698125       1.000000       4.094375       3.000000
0.698750       1.000000       4.096250       3.000000
0.699375       1.000000       4.098125       3.000000
0.700000       1.000000       4.100000       3.000000
0.700625       1.000000       4.101875       3.000000
0.701250       1.000000       4.103750       3.000000
0.701875       1.000000       4.105625       3.000000
0.702500       1.000000       4.107500       3.000000
0.703125       1.000000       4.109375       3.000000
0.703750       1.000000       4.111250       3.000000
0.704375       1.000000       4.113125       3.000000
0.705000       1.000000       4.115000       3.000000
0.705625       1.000000       4.116875       3.000000
0.706250       1.000000       4.118750       3.000000
0.706875       1.000000       4.120625       3.000000
0.707500       1.000000       4.122500       3.000000
0.708125       1.000000       4.124375       3.000000
0.708750       1.000000       4.126250       3.000000
0.709375       1.000000       4.128125       3.000000
0.710000       1.000000       4.130000       3.000000
0.710625       1.000000       4.131875       3.000000
0.711250       1.000000       4.133750       3.000000
0.711875       1.000000       4.135625       3.000000
0.712500       1.000000       4.137500       3.000000
0.713125       1.000000       4.139375       3.000000
0.713750       1.000000       4.141250       3.000000
0.714375       1.000000       4.143125       3.000000
0.715000       1.000000       4.145000       3.000000
0.715625       1.000000       4.146875       3.000000
0.716250       1.000000       4.148750       3.000000
0.716875       1.000000       4.150625       3.000000
0.717500       1.000000       4.152500       3.000000
0.718125       1.000000       4.154375       3.000000
0.718750       1.000000       4.156250       3.000000
0.719375       1.000000       4.158125       3.000000
0.720000       1.000000       4.160000       3.000000
0.720625       1.000000       4.161875       3.000000
0.721250       1.000000       4.163750       3.000000
0.721875       1.000000       4.165625       3.000000
0.722500       1.000000       4.167500       3.000000
0.723125       1.000000       4.169375       3.000000
0.723750       1.000000       4.171250       3.000000
0.724375       1.000000       4.173125       3.000000
0.725000       1.000000       4.175000       3.000000
0.725625       1.000000       4.176875       3.000000
0.726250       1.000000       4.178750       3.000000
0.726875       1.000000       4.180625       3.000000
0.727500       1.000000       4.182500       3.000000
0.728125       1.000000       4.184375       3.000000
0.728750       1.000000       4.186250       3.000000
0.729375       1.000000       4.188125       3.000000
0.730000       1.000000       4.190000       3.000000
0.730625       1.000000       4.191875       3.000000
0.731250       1.000000       4.193750       3.000000
0.731875       1.000000       4.195625       3.000000
0.732500       1.000000       4.197500       3.000000
0.733125       1.000000       4.199375       3.000000
0.733750       1.000000       4.201250       3.000000
0.734375       1.000000       4.203125       3.000000
0.735000       1.000000       4.205000       3.000000
0.735625       1.000000       4.206875       3.000000
0.736250       1.000000       4.208750       3.000000
0.736875       1.000000       4.210625       3.000000
0.737500       1.000000       4.212500       3.000000
0.738125       1.000000       4.214375       3.000000
0.738750       1.000000       4.216250       3.000000
0.739375       1.000000       4.218125       3.000000
0.740000       1.000000       4.220000       3.000000
0.740625       1.000000       4.221875       3.000000
0.741250       1.000000       4.223750       3.000000
0.741875       1.000000       4.225625       3.000000
0.742500       1.000000       4.227500       3.000000
0.743125       1.000000       4.229375       3.000000
0.743750       1.000000       4.231250       3.000000
0.744375       1.000000       4.233125       3.000000
0.745000       1.000000       4.235000       3.000000
0.745625       1.000000       4.236875       3.000000
0.746250       1.000000       4.238750       3.000000
0.746875       1.000000       4.240625       3.000000
0.747500       1.000000       4.242500       3.000000
0.748125       1.000000       4.244375       3.000000
0.748750       1.000000       4.246250       3.000000
0.749375       1.000000       4.248125       3.000000
0.750000       1.000000       4.250000       3.000000
0.750625       1.000000       4.251875       3.000000
0.751250       1.000000       4.253750       3.000000
0.751875       1.000000       4.255625       3.000000
0.752500       1.000000       4.257500       3.000000
0.753125       1.000000       4.259375       3.000000
0.753750       1.000000       4.261250       3.000000
0.754375       1.000000       4.263125       3.000000
0.755000       1.000000       4.265000       3.000000
0.755625       1.000000       4.266875       3.000000
0.756250       1.000000       4.268750       3.000000
0.756875       1.000000       4.270625       3.000000
0.757500       1.000000       4.272500       3.000000
0.758125       1.000000       4.274375       3.000000
0.758750       1.000000       4.276250       3.000000
0.759375       1.000000       4.278125       3.000000
0.760000       1.000000       4.280000       3.000000
0.760625       1.000000       4.281875       3.000000
0.761250       1.000000       4.283750       3.000000
0.761875       1.000000       4.285625       3.000000
0.762500       1.000000       4.287500       3.000000
0.763125       1.000000       4.289375       3.000000
0.763750       1.000000       4.291250       3.000000
0.764375       1.000000       4.293125       3.000000
0.765000       1.000000       4.295000       3.000000
0.765625       1.000000       4.296875       3.000000
0.766250       1.000000       4.298750       3.000000
0.766875       1.000000       4.300625       3.000000
0.767500       1.000000       4.302500       3.000000
0.768125       1.000000       4.304375       3.000000
0.768750       1.000000       4.306250       3.000000
0.769375       1.000000       4.308125       3.000000
0.770000       1.000000       4.310000       3.000000
0.770625       1.000000       4.311875       3.000000
0.771250       1.000000       4.313750       3.000000
0.771875       1.000000       4.315625       3.000000
0.772500       1.000000       4.317500       3.000000
0.773125       1.000000       4.319375       3.000000
0.773750       1.000000       4.321250       3.000000
0.774375       1.000000       4.323125       3.000000
0.775000       1.000000       4.325000       3.000000
0.775625       1.000000       4.326875       3.000000
0.776250       1.000000       4.328750       3.000000
0.776875       1.000000       4.330625       3.000000
0.777500       1.000000       4.332500       3.000000
0.778125       1.000000       4.334375       3.000000
0.778750       1.000000       4.336250       3.000000
0.779375       1.000000       4.338125       3.000000
0.780000       1.000000       4.340000       3.000000
0.780625       1.000000       4.341875       3.000000
0.781250       1.000000       4.343750       3.000000
0.781875       1.000000       4.345625       3.000000
0.782500       1.000000       4.347500       3.000000
0.783125       1.000000       4.349375       3.000000
0.783750       1.000000       4.351250       3.000000
0.784375       1.000000       4.353125       3.000000
0.785000       1.000000       4.355000       3.000000
0.785625       1.000000       4.356875       3.000000
0.786250       1.000000       4.358750       3.000000
0.786875       1.000000       4.360625       3.000000
0.787500       1.000000       4.362500       3.000000
0.788125       1.000000       4.364375       3.000000
0.788750       1.000000       4.366250       3.000000
0.789375       1.000000       4.368125       3.000000
0.790000       1.000000       4.370000       3.000000
0.790625       1.000000       4.371875       3.000000
0.791250       1.000000       4.373750       3.000000
0.791875       1.000000       4.375625       3.000000
0.792500       1.000000       4.377500       3.000000
0.793125       1.000000       4.379375       3.000000
0.793750       1.000000       4.381250       3.000000
0.794375       1.000000       4.383125       3.000000
0.795000       1.000000       4.385000       3.000000
0.795625       1.000000       4.386875       3.000000
0.796250       1.000000       4.388750       3.000000
0.796875       1.000000       4.390625       3.000000
0.797500       1.000000       4.392500       3.000000
0.798125       1.000000       4.394375       3.000000
0.798750       1.000000       4.396250       3.000000
0.799375       1.000000       4.398125       3.000000
0.800000       1.000000       4.400000       3.000000
0.800625       1.000000       4.401875       3.000000
0.801250       1.000000       4.403750       3.000000
0.801875       1.000000       4.405625       3.000000
0.802500       1.000000       4.407500       3.000000
0.803125       1.000000       4.409375       3.000000
0.803750       1.000000       4.411250       3.000000
0.804375       1.000000       4.413125       3.000000
0.805000       1.000000       4.415000       3.000000
0.805625       1.000000       4.416875       3.000000
0.806250       1.000000       4.418750       3.000000
0.806875       1.000000       4.420625       3.000000
0.807500       1.000000       4.422500       3.000000
0.808125       1.000000       4.424375       3.000000
0.808750       1.000000       4.426250       3.000000
0.809375       1.000000       4.428125       3.000000
0.810000       1.000000       4.430000       3.000000
0.810625       1.000000       4.431875       3.000000
0.811250       1.000000       4.433750       3.000000
0.811875       1.000000       4.435625       3.000000
0.812500       1.000000       4.437500       3.000000
0.813125       1.000000       4.439375       3.000000
0.813750       1.000000       4.441250       3.000000
0.814375       1.000000       4.443125       3.000000
0.815000       1.000000       4.445000       3.000000
0.815625       1.000000       4.446875       3.000000
0.816250       1.000000       4.448750       3.000000
0.816875       1.000000       4.450625       3.000000
0.817500       1.000000       4.452500       3.000000
0.818125       1.000000       4.454375       3.000000
0.818750       1.000000       4.456250       3.000000
0.819375       1.000000       4.458125       3.000000
0.820000       1.000000       4.460000       3.000000
0.820625       1.000000       4.461875       3.000000
0.821250       1.000000       4.463750       3.000000
0.821875       1.000000       4.465625       3.000000
0.822500       1.000000       4.467500       3.000000
0.823125       1.000000       4.469375       3.000000
0.823750       1.000000       4.471250       3.000000
0.824375       1.000000       4.473125       3.000000
0.825000       1.000000       4.475000       3.000000
0.825625       1.000000       4.476875       3.000000
0.826250       1.000000       4.478750       3.000000
0.826875       1.000000       4.480625       3.000000
0.827500       1.000000       4.482500       3.000000
0.828125       1.000000       4.484375       3.000000
0.828750       1.000000       4.486250       3.000000
0.829375       1.000000       4.488125       3.000000
0.830000       1.000000       4.490000       3.000000
0.830625       1.000000       4.491875       3.000000
0.831250       1.000000       4.493750       3.000000
0.831875       1.000000       4.495625       3.000000
0.832500       1.000000       4.497500       3.000000
0.833125       1.000000       4.499375       3.000000
0.833750       1.000000       4.501250       3.000000
0.834375       1.000000       4.503125       3.000000
0.835000       1.000000       4.505000       3.000000
0.835625       1.000000       4.506875       3.000000
0.836250       1.000000       4.508750       3.000000
0.836875       1.000000       4.510625       3.000000
0.837500       1.000000       4.512500       3.000000
0.838125       1.000000       4.514375       3.000000
0.838750       1.000000       4.516250       3.000000
0.839375       1.000000       4.518125       3.000000
0.840000       1.000000       4.520000       3.000000
0.840625       1.000000       4.521875       3.000000
0.841250       1.000000       4.523750       3.000000
0.841875       1.000000       4.525625       3.000000
0.842500       1.000000       4.527500       3.000000
0.843125       1.000000       4.529375       3.000000
0.843750       1.000000       4.531250       3.000000
0.844375       1.000000       4.533125       3.000000
0.845000       1.000000       4.535000       3.000000
0.845625       1.000000       4.536875       3.000000
0.846250       1.000000       4.538750       3.000000
0.846875       1.000000       4.540625       3.000000
0.847500       1.000000       4.542500       3.000000
0.848125       1.000000       4.544375       3.000000
0.848750       1.000000       4.546250       3.000000
0.849375       1.000000       4.548125       3.000000
0.850000       1.000000       4.550000       3.000000
0.850625       1.000000       4.551875       3.000000
0.851250       1.000000       4.553750       3.000000
0.851875       1.000000       4.555625       3.000000
0.852500       1.000000       4.557500       3.000000
0.853125       1.000000       4.559375       3.000000
0.853750       1.000000       4.561250       3.000000
0.854375       1.000000       4.563125       3.000000
0.855000       1.000000       4.565000       3.000000
0.855625       1.000000       4.566875       3.000000
0.856250       1.000000       4.568750       3.000000
0.856875       1.000000       4.570625       3.000000
0.857500       1.000000       4.572500       3.000000
0.858125       1.000000       4.574375       3.000000
0.858750       1.000000       4.576250       3.000000
0.859375       1.000000       4.578125       3.000000
0.860000       1.000000       4.580000       3.000000
0.860625       1.000000       4.581875       3.000000
0.861250       1.000000       4.583750       3.000000
0.861875       1.000000       4.585625       3.000000
0.862500       1.000000       4.587500       3.000000
0.863125       1.000000       4.589375       3.000000
0.863750       1.000000       4.591250       3.000000
0.864375       1.000000       4.593125       3.000000
0.865000       1.000000       4.595000       3.000000
0.865625       1.000000       4.596875       3.000000
0.866250       1.000000       4.598750       3.000000
0.866875       1.000000       4.600625       3.000000
0.867500       1.000000       4.602500       3.000000
0.868125       1.000000       4.604375       3.000000
0.868750       1.000000       4.606250       3.000000
0.869375       1.000000       4.608125       3.000000
0.870000       1.000000       4.610000       3.000000
0.870625       1.000000       4.611875       3.000000
0.871250       1.000000       4.613750       3.000000
0.871875       1.000000       4.615625       3.000000
0.872500       1.000000       4.617500       3.000000
0.873125       1.000000       4.619375       3.000000
0.873750       1.000000       4.621250       3.000000
0.874375       1.000000       4.623125       3.000000
0.875000       1.000000       4.625000       3.000000
0.875625       1.000000       4.626875       3.000000
0.876250       1.000000       4.628750       3.000000
0.876875       1.000000       4.630625       3.000000
0.877500       1.000000       4.632500       3.000000
0.878125       1.000000       4.634375       3.000000
0.878750       1.000000       4.636250       3.000000
0.879375       1.000000       4.638125       3.000000
0.880000       1.000000       4.640000       3.000000
0.880625       1.000000       4.641875       3.000000
0.881250       1.000000       4.643750       3.000000
0.881875       1.000000       4.645625       3.000000
0.882500       1.000000       4.647500       3.000000
0.883125       1.000000       4.649375       3.000000
0.883750       1.000000       4.651250       3.000000
0.884375       1.000000       4.653125       3.000000
0.885000       1.000000       4.655000       3.000000
0.885625       1.000000       4.656875       3.000000
0.886250       1.000000       4.658750       3.000000
0.886875       1.000000       4.660625       3.000000
0.887500       1.000000       4.662500       3.000000
0.888125       1.000000       4.664375       3.000000
0.888750       1.000000       4.666250       3.000000
0.889375       1.000000       4.668125       3.000000
0.890000       1.000000       4.670000       3.000000
0.890625       1.000000       4.671875       3.000000
0.891250       1.000000       4.673750       3.000000
0.891875       1.000000       4.675625       3.000000
0.892500       1.000000       4.677500       3.000000
0.893125       1.000000       4.679375       3.000000
0.893750       1.000000       4.681250       3.000000
0.894375       1.000000       4.683125       3.000000
0.895000       1.000000       4.685000       3.000000
0.895625       1.000000       4.686875       3.000000
0.896250       1.000000       4.688750       3.000000
0.896875       1.000000       4.690625       3.000000
0.897500       1.000000       4.692500       3.000000
0.898125       1.000000       4.694375       3.000000
0.898750       1.000000       4.696250       3.000000
0.899375       1.000000       4.698125       3.000000
0.900000       1.000000       4.700000       3.000000
0.900625       1.000000       4.701875       3.000000
0.901250       1.000000       4.703750       3.000000
0.901875       1.000000       4.705625       3.000000
0.902500       1.000000       4.707500       3.000000
0.903125       1.000000       4.709375       3.000000
0.903750       1.000000       4.711250       3.000000
0.904375       1.000000       4.713125       3.000000
0.905000       1.000000       4.715000       3.000000
0.905625       1.000000       4.716875       3.000000
0.906250       1.000000       4.718750       3.000000
0.906875       1.000000       4.720625       3.000000
0.907500       1.000000       4.722500       3.000000
0.908125       1.000000       4.724375       3.000000
0.908750       1.000000       4.726250       3.000000
0.909375       1.000000       4.728125       3.000000
0.910000       1.000000       4.730000       3.000000
0.910625       1.000000       4.731875       3.000000
0.911250       1.000000       4.733750       3.000000
0.911875       1.000000       4.735625       3.000000
0.912500       1.000000       4.737500       3.000000
0.913125       1.000000       4.739375       3.000000
0.913750       1.000000       4.741250       3.000000
0.914375       1.000000       4.743125       3.000000
0.915000       1.000000       4.745000       3.000000
0.915625       1.000000       4.746875       3.000000
0.916250       1.000000       4.748750       3.000000
0.916875       1.000000       4.750625       3.000000
0.917500       1.000000       4.752500       3.000000
0.918125       1.000000       4.754375       3.000000
0.918750       1.000000       4.756250       3.000000
0.919375       1.000000       4.758125       3.000000
0.920000       1.000000       4.760000       3.000000
0.920625       1.000000       4.761875       3.000000
0.921250       1.000000       4.763750       3.000000
0.921875       1.000000       4.765625       3.000000
0.922500       1.000000       4.767500       3.000000
0.923125       1.000000       4.769375       3.000000
0.923750       1.000000       4.771250       3.000000
0.924375       1.000000       4.773125       3.000000
0.925000       1.000000       4.775000       3.000000
0.925625       1.000000       4.776875       3.000000
0.926250       1.000000       4.778750       3.000000
0.926875       1.000000       4.780625       3.000000
0.927500       1.000000       4.782500       3.000000
0.928125       1.000000       4.784375       3.000000
0.928750       1.000000       4.786250       3.000000
0.929375       1.000000       4.788125       3.000000
0.930000       1.000000       4.790000       3.000000
0.930625       1.000000       4.791875       3.000000
0.931250       1.000000       4.793750       3.000000
0.931875       1.000000       4.795625       3.000000
0.932500       1.000000       4.797500       3.000000
0.933125       1.000000       4.799375       3.000000
0.933750       1.000000       4.801250       3.000000
0.934375       1.000000       4.803125       3.000000
0.935000       1.000000       4.805000       3.000000
0.935625       1.000000       4.806875       3.000000
0.936250       1.000000       4.808750       3.000000
0.936875       1.000000       4.810625       3.000000
0.937500       1.000000       4.812500       3.000000
0.938125       1.000000       4.814375       3.000000
0.938750       1.000000       4.816250       3.000000
0.939375       1.000000       4.818125       3.000000
0.940000       1.000000       4.820000       3.000000
0.940625       1.000000       4.821875       3.000000
0.941250       1.000000       4.823750       3.000000
0.941875       1.000000       4.825625       3.000000
0.942500       1.000000       4.827500       3.000000
0.943125       1.000000       4.829375       3.000000
0.943750       1.000000       4.831250       3.000000
0.944375       1.000000       4.833125       3.000000
0.945000       1.000000       4.835000       3.000000
0.945625       1.000000       4.836875       3.000000
0.946250       1.000000       4.838750       3.000000
0.946875       1.000000       4.840625       3.000000
0.947500       1.000000       4.842500       3.000000
0.948125       1.000000       4.844375       3.000000
0.948750       1.000000       4.846250       3.000000
0.949375       1.000000       4.848125       3.000000
0.950000       1.000000       4.850000       3.000000
0.950625       1.000000       4.851875       3.000000
0.951250       1.000000       4.853750       3.000000
0.951875       1.000000       4.855625       3.000000
0.952500       1.000000       4.857500       3.000000
0.953125       1.000000       4.859375       3.000000
0.953750       1.000000       4.861250       3.000000
0.954375       1.000000       4.863125       3.000000
0.955000       1.000000       4.865000       3.000000
0.955625       1.000000       4.866875       3.000000
0.956250       1.000000       4.868750       3.000000
0.956875       1.000000       4.870625       3.000000
0.957500       1.000000       4.872500       3.000000
0.958125       1.000000       4.874375       3.000000
0.958750       1.000000       4.876250       3.000000
0.959375       1.000000       4.878125       3.000000
0.960000       1.000000       4.880000       3.000000
0.960625       1.000000       4.881875       3.000000
0.961250       1.000000       4.883750       3.000000
0.961875       1.000000       4.885625       3.000000
0.962500       1.000000       4.887500       3.000000
0.963125       1.000000       4.889375       3.000000
0.963750       1.000000       4.891250       3.000000
0.964375       1.000000       4.893125       3.000000
0.965000       1.000000       4.895000       3.000000
0.965625       1.000000       4.896875       3.000000
0.966250       1.000000       4.898750       3.000000
0.966875       1.000000       4.900625       3.000000
0.967500       1.000000       4.902500       3.000000
0.968125       1.000000       4.904375       3.000000
0.968750       1.000000       4.906250       3.000000
0.969375       1.000000       4.908125       3.000000
0.970000       1.000000       4.910000       3.000000
0.970625       1.000000       4.911875       3.000000
0.971250       1.000000       4.913750       3.000000
0.971875       1.000000       4.915625       3.000000
0.972500       1.000000       4.917500       3.000000
0.973125       1.000000       4.919375       3.000000
0.973750       1.000000       4.921250       3.000000
0.974375       1.000000       4.923125       3.000000
0.975000       1.000000       4.925000       3.000000
0.975625       1.000000       4.926875       3.000000
0.976250       1.000000       4.928750       3.000000
0.976875       1.000000       4.930625       3.000000
0.977500       1.000000       4.932500       3.000000
0.978125       1.000000       4.934375       3.000000
0.978750       1.000000       4.936250       3.000000
0.979375       1.000000       4.938125       3.000000
0.980000       1.000000       4.940000       3.000000
0.980625       1.000000       4.941875       3.000000
0.981250       1.000000       4.943750       3.000000
0.981875       1.000000       4.945625       3.000000
0.982500       1.000000       4.947500       3.000000
0.983125       1.000000       4.949375       3.000000
0.983750       1.000000       4.951250       3.000000
0.984375       1.000000       4.953125       3.000000
0.985000       1.000000       4.955000       3.000000
0.985625       1.000000       4.956875       3.000000
0.986250       1.000000       4.958750       3.000000
0.986875       1.000000       4.960625       3.000000
0.987500       1.000000       4.962500       3.000000
0.988125       1.000000       4.964375       3.000000
0.988750       1.000000       4.966250       3.000000
0.989375       1.000000       4.968125       3.000000
0.990000       1.000000       4.970000       3.000000
0.990625       1.000000       4.971875       3.000000
0.991250       1.000000       4.973750       3.000000
0.991875       1.000000       4.975625       3.000000
0.992500       1.000000       4.977500       3.000000
0.993125       1.000000       4.979375       3.000000
0.993750       1.000000       4.981250       3.000000
0.994375       1.000000       4.983125       3.000000
0.995000       1.000000       4.985000       3.000000
0.995625       1.000000       4.986875       3.000000
0.996250       1.000000       4.988750       3.000000
0.996875       1.000000       4.990625       3.000000
0.997500       1.000000       4.992500       3.000000
0.998125       1.000000       4.994375       3.000000
0.998750       1.000000       4.996250       3.000000
0.999375       1.000000       4.998125       3.000000
1.000000       1.000000       5.000000       3.000000

Iterations	quantity is 1603