t              u1              u2
=================================================
0.000000       0.000000      -0.412000
0.000998       0.000998      -0.412169
0.001996       0.001996      -0.412338
0.002993       0.002994      -0.412505
0.003990       0.003992      -0.412672
0.004986       0.004990      -0.412838
0.005982       0.005988      -0.413003
0.006977       0.006986      -0.413166
0.007973       0.007984      -0.413329
0.008967       0.008982      -0.413491
0.009962       0.009980      -0.413652
0.010956       0.010978      -0.413813
0.011949       0.011976      -0.413972
0.012942       0.012974      -0.414130
0.013935       0.013972      -0.414288
0.014927       0.014970      -0.414444
0.015919       0.015968      -0.414600
0.016911       0.016966      -0.414754
0.017902       0.017964      -0.414908
0.018892       0.018962      -0.415061
0.019883       0.019960      -0.415213
0.020873       0.020958      -0.415364
0.021862       0.021956      -0.415514
0.022851       0.022954      -0.415663
0.023840       0.023952      -0.415811
0.024828       0.024950      -0.415959
0.025816       0.025948      -0.416105
0.026803       0.026946      -0.416250
0.027790       0.027944      -0.416395
0.028777       0.028942      -0.416539
0.029763       0.029940      -0.416681
0.030749       0.030939      -0.416823
0.031735       0.031937      -0.416964
0.032720       0.032935      -0.417104
0.033705       0.033933      -0.417243
0.034689       0.034931      -0.417382
0.035673       0.035929      -0.417519
0.036656       0.036927      -0.417655
0.037639       0.037925      -0.417791
0.038622       0.038923      -0.417925
0.039604       0.039921      -0.418059
0.040586       0.040919      -0.418192
0.041568       0.041917      -0.418324
0.042549       0.042915      -0.418455
0.043530       0.043913      -0.418585
0.044510       0.044911      -0.418714
0.045490       0.045909      -0.418842
0.046469       0.046907      -0.418970
0.047449       0.047905      -0.419096
0.048427       0.048903      -0.419222
0.049406       0.049901      -0.419346
0.050384       0.050899      -0.419470
0.051361       0.051897      -0.419593
0.052338       0.052895      -0.419715
0.053315       0.053893      -0.419836
0.054292       0.054891      -0.419956
0.055268       0.055889      -0.420076
0.056243       0.056888      -0.420194
0.057219       0.057886      -0.420312
0.058193       0.058884      -0.420428
0.059168       0.059882      -0.420544
0.060142       0.060880      -0.420659
0.061116       0.061878      -0.420773
0.062089       0.062876      -0.420886
0.063062       0.063874      -0.420998
0.064034       0.064872      -0.421109
0.065007       0.065870      -0.421220
0.065978       0.066868      -0.421329
0.066950       0.067866      -0.421438
0.067921       0.068864      -0.421546
0.068891       0.069862      -0.421652
0.069862       0.070860      -0.421758
0.070832       0.071858      -0.421863
0.071801       0.072856      -0.421968
0.072770       0.073854      -0.422071
0.073739       0.074853      -0.422173
0.074707       0.075851      -0.422275
0.075675       0.076849      -0.422376
0.076643       0.077847      -0.422475
0.077610       0.078845      -0.422574
0.078577       0.079843      -0.422672
0.079543       0.080841      -0.422770
0.080509       0.081839      -0.422866
0.081475       0.082837      -0.422961
0.082440       0.083835      -0.423056
0.083405       0.084833      -0.423150
0.084370       0.085831      -0.423242
0.085334       0.086829      -0.423334
0.086298       0.087827      -0.423425
0.087261       0.088825      -0.423516
0.088224       0.089824      -0.423605
0.089187       0.090822      -0.423694
0.090149       0.091820      -0.423781
0.091111       0.092818      -0.423868
0.092073       0.093816      -0.423954
0.093034       0.094814      -0.424039
0.093995       0.095812      -0.424123
0.094955       0.096810      -0.424206
0.095915       0.097808      -0.424289
0.096875       0.098806      -0.424370
0.097835       0.099804      -0.424451
0.098793       0.100802      -0.424531
0.099752       0.101800      -0.424610
0.100710       0.102799      -0.424688
0.101668       0.103797      -0.424765
0.102626       0.104795      -0.424841
0.103583       0.105793      -0.424917
0.104540       0.106791      -0.424992
0.105496       0.107789      -0.425066
0.106452       0.108787      -0.425139
0.107408       0.109785      -0.425211
0.108363       0.110783      -0.425282
0.109318       0.111781      -0.425352
0.110273       0.112779      -0.425422
0.111227       0.113778      -0.425491
0.112181       0.114776      -0.425559
0.113134       0.115774      -0.425626
0.114088       0.116772      -0.425692
0.115040       0.117770      -0.425757
0.115993       0.118768      -0.425822
0.116945       0.119766      -0.425885
0.117897       0.120764      -0.425948
0.118848       0.121762      -0.426010
0.119799       0.122760      -0.426071
0.120750       0.123759      -0.426132
0.121700       0.124757      -0.426191
0.122650       0.125755      -0.426250
0.123599       0.126753      -0.426308
0.124549       0.127751      -0.426364
0.125498       0.128749      -0.426421
0.126446       0.129747      -0.426476
0.127394       0.130745      -0.426530
0.128342       0.131743      -0.426584
0.129289       0.132741      -0.426637
0.130237       0.133740      -0.426689
0.131183       0.134738      -0.426740
0.132130       0.135736      -0.426790
0.133076       0.136734      -0.426840
0.134021       0.137732      -0.426888
0.134967       0.138730      -0.426936
0.135912       0.139728      -0.426983
0.136856       0.140726      -0.427029
0.137801       0.141724      -0.427074
0.138745       0.142723      -0.427119
0.139688       0.143721      -0.427163
0.140632       0.144719      -0.427206
0.141575       0.145717      -0.427248
0.142517       0.146715      -0.427289
0.143459       0.147713      -0.427329
0.144401       0.148711      -0.427369
0.145343       0.149709      -0.427408
0.146284       0.150707      -0.427446
0.147225       0.151706      -0.427483
0.148165       0.152704      -0.427519
0.149106       0.153702      -0.427555
0.150045       0.154700      -0.427589
0.150985       0.155698      -0.427623
0.151924       0.156696      -0.427656
0.152863       0.157694      -0.427689
0.153801       0.158692      -0.427720
0.154740       0.159691      -0.427751
0.155677       0.160689      -0.427781
0.156615       0.161687      -0.427810
0.157552       0.162685      -0.427838
0.158489       0.163683      -0.427865
0.159425       0.164681      -0.427892
0.160361       0.165679      -0.427918
0.161297       0.166677      -0.427943
0.162233       0.167676      -0.427967
0.163168       0.168674      -0.427991
0.164102       0.169672      -0.428013
0.165037       0.170670      -0.428035
0.165971       0.171668      -0.428056
0.166905       0.172666      -0.428077
0.167838       0.173664      -0.428096
0.168771       0.174662      -0.428115
0.169704       0.175661      -0.428133
0.170637       0.176659      -0.428150
0.171569       0.177657      -0.428166
0.172501       0.178655      -0.428182
0.173432       0.179653      -0.428196
0.174363       0.180651      -0.428210
0.175294       0.181649      -0.428223
0.176225       0.182648      -0.428236
0.177155       0.183646      -0.428247
0.178085       0.184644      -0.428258
0.179014       0.185642      -0.428268
0.179943       0.186640      -0.428278
0.180872       0.187638      -0.428286
0.181801       0.188636      -0.428294
0.182729       0.189635      -0.428301
0.183657       0.190633      -0.428307
0.184585       0.191631      -0.428312
0.185512       0.192629      -0.428317
0.186439       0.193627      -0.428321
0.187366       0.194625      -0.428324
0.188292       0.195623      -0.428326
0.189218       0.196622      -0.428327
0.190144       0.197620      -0.428328
0.191069       0.198618      -0.428328
0.191994       0.199616      -0.428327
0.192919       0.200614      -0.428326
0.193843       0.201612      -0.428323
0.194768       0.202610      -0.428320
0.195691       0.203609      -0.428316
0.196615       0.204607      -0.428312
0.197538       0.205605      -0.428306
0.198461       0.206603      -0.428300
0.199383       0.207601      -0.428293
0.200306       0.208599      -0.428286
0.201228       0.209598      -0.428277
0.202149       0.210596      -0.428268
0.203071       0.211594      -0.428258
0.203992       0.212592      -0.428247
0.204912       0.213590      -0.428236
0.205833       0.214588      -0.428224
0.206753       0.215586      -0.428211
0.207673       0.216585      -0.428197
0.208592       0.217583      -0.428182
0.209511       0.218581      -0.428167
0.210430       0.219579      -0.428151
0.211349       0.220577      -0.428135
0.212267       0.221575      -0.428117
0.213185       0.222574      -0.428099
0.214103       0.223572      -0.428080
0.215020       0.224570      -0.428060
0.215937       0.225568      -0.428040
0.216854       0.226566      -0.428019
0.217770       0.227564      -0.427997
0.218686       0.228563      -0.427974
0.219602       0.229561      -0.427951
0.220518       0.230559      -0.427927
0.221433       0.231557      -0.427902
0.222348       0.232555      -0.427876
0.223263       0.233553      -0.427850
0.224177       0.234552      -0.427823
0.225091       0.235550      -0.427795
0.226005       0.236548      -0.427766
0.226918       0.237546      -0.427737
0.227832       0.238544      -0.427707
0.228745       0.239543      -0.427676
0.229657       0.240541      -0.427645
0.230570       0.241539      -0.427613
0.231482       0.242537      -0.427580
0.232393       0.243535      -0.427546
0.233305       0.244533      -0.427512
0.234216       0.245532      -0.427477
0.235127       0.246530      -0.427441
0.236037       0.247528      -0.427404
0.236948       0.248526      -0.427367
0.237858       0.249524      -0.427329
0.238767       0.250522      -0.427291
0.239677       0.251521      -0.427251
0.240586       0.252519      -0.427211
0.241495       0.253517      -0.427170
0.242404       0.254515      -0.427129
0.243312       0.255513      -0.427086
0.244220       0.256512      -0.427044
0.245128       0.257510      -0.427000
0.246035       0.258508      -0.426955
0.246942       0.259506      -0.426910
0.247849       0.260504      -0.426865
0.248756       0.261502      -0.426818
0.249662       0.262501      -0.426771
0.250568       0.263499      -0.426723
0.251474       0.264497      -0.426674
0.252380       0.265495      -0.426625
0.253285       0.266493      -0.426575
0.254190       0.267492      -0.426524
0.255094       0.268490      -0.426473
0.255999       0.269488      -0.426421
0.256903       0.270486      -0.426368
0.257807       0.271484      -0.426314
0.258710       0.272483      -0.426260
0.259614       0.273481      -0.426205
0.260517       0.274479      -0.426150
0.261420       0.275477      -0.426093
0.262322       0.276475      -0.426036
0.263224       0.277474      -0.425979
0.264126       0.278472      -0.425920
0.265028       0.279470      -0.425861
0.265929       0.280468      -0.425802
0.266831       0.281466      -0.425741
0.267731       0.282465      -0.425680
0.268632       0.283463      -0.425618
0.269532       0.284461      -0.425556
0.270433       0.285459      -0.425493
0.271332       0.286457      -0.425429
0.272232       0.287456      -0.425364
0.273131       0.288454      -0.425299
0.274030       0.289452      -0.425233
0.274929       0.290450      -0.425167
0.275828       0.291448      -0.425099
0.276726       0.292447      -0.425031
0.277624       0.293445      -0.424963
0.278522       0.294443      -0.424893
0.279419       0.295441      -0.424824
0.280316       0.296439      -0.424753
0.281213       0.297438      -0.424682
0.282110       0.298436      -0.424610
0.283006       0.299434      -0.424537
0.283903       0.300432      -0.424464
0.284799       0.301430      -0.424390
0.285694       0.302429      -0.424315
0.286590       0.303427      -0.424240
0.287485       0.304425      -0.424164
0.288380       0.305423      -0.424087
0.289274       0.306421      -0.424010
0.290169       0.307420      -0.423932
0.291063       0.308418      -0.423853
0.291957       0.309416      -0.423774
0.292851       0.310414      -0.423694
0.293744       0.311413      -0.423614
0.294637       0.312411      -0.423532
0.295530       0.313409      -0.423450
0.296423       0.314407      -0.423368
0.297315       0.315405      -0.423285
0.298207       0.316404      -0.423201
0.299099       0.317402      -0.423116
0.299991       0.318400      -0.423031
0.300883       0.319398      -0.422945
0.301774       0.320396      -0.422859
0.302665       0.321395      -0.422772
0.303555       0.322393      -0.422684
0.304446       0.323391      -0.422596
0.305336       0.324389      -0.422506
0.306226       0.325388      -0.422417
0.307116       0.326386      -0.422326
0.308006       0.327384      -0.422235
0.308895       0.328382      -0.422144
0.309784       0.329380      -0.422052
0.310673       0.330379      -0.421959
0.311561       0.331377      -0.421865
0.312450       0.332375      -0.421771
0.313338       0.333373      -0.421676
0.314226       0.334372      -0.421581
0.315113       0.335370      -0.421485
0.316001       0.336368      -0.421388
0.316888       0.337366      -0.421290
0.317775       0.338364      -0.421192
0.318661       0.339363      -0.421094
0.319548       0.340361      -0.420995
0.320434       0.341359      -0.420895
0.321320       0.342357      -0.420794
0.322206       0.343356      -0.420693
0.323091       0.344354      -0.420591
0.323977       0.345352      -0.420489
0.324862       0.346350      -0.420386
0.325747       0.347349      -0.420282
0.326631       0.348347      -0.420178
0.327516       0.349345      -0.420073
0.328400       0.350343      -0.419968
0.329284       0.351341      -0.419861
0.330168       0.352340      -0.419755
0.331051       0.353338      -0.419647
0.331935       0.354336      -0.419539
0.332818       0.355334      -0.419431
0.333701       0.356333      -0.419322
0.334583       0.357331      -0.419212
0.335466       0.358329      -0.419101
0.336348       0.359327      -0.418990
0.337230       0.360326      -0.418879
0.338112       0.361324      -0.418766
0.338993       0.362322      -0.418653
0.339874       0.363320      -0.418540
0.340756       0.364318      -0.418426
0.341636       0.365317      -0.418311
0.342517       0.366315      -0.418196
0.343398       0.367313      -0.418080
0.344278       0.368311      -0.417963
0.345158       0.369310      -0.417846
0.346038       0.370308      -0.417728
0.346917       0.371306      -0.417610
0.347797       0.372304      -0.417491
0.348676       0.373303      -0.417372
0.349555       0.374301      -0.417251
0.350434       0.375299      -0.417131
0.351312       0.376297      -0.417009
0.352191       0.377296      -0.416887
0.353069       0.378294      -0.416765
0.353947       0.379292      -0.416642
0.354825       0.380290      -0.416518
0.355702       0.381289      -0.416394
0.356579       0.382287      -0.416269
0.357457       0.383285      -0.416143
0.358334       0.384283      -0.416017
0.359210       0.385282      -0.415891
0.360087       0.386280      -0.415763
0.360963       0.387278      -0.415635
0.361839       0.388276      -0.415507
0.362715       0.389275      -0.415378
0.363591       0.390273      -0.415248
0.364466       0.391271      -0.415118
0.365342       0.392269      -0.414987
0.366217       0.393268      -0.414856
0.367092       0.394266      -0.414724
0.367967       0.395264      -0.414592
0.368841       0.396262      -0.414458
0.369715       0.397261      -0.414325
0.370590       0.398259      -0.414190
0.371464       0.399257      -0.414056
0.372337       0.400255      -0.413920
0.373211       0.401254      -0.413784
0.374084       0.402252      -0.413648
0.374957       0.403250      -0.413511
0.375830       0.404248      -0.413373
0.376703       0.405247      -0.413235
0.377576       0.406245      -0.413096
0.378448       0.407243      -0.412956
0.379320       0.408241      -0.412816
0.380193       0.409240      -0.412676
0.381064       0.410238      -0.412535
0.381936       0.411236      -0.412393
0.382808       0.412234      -0.412251
0.383679       0.413233      -0.412108
0.384550       0.414231      -0.411964
0.385421       0.415229      -0.411820
0.386292       0.416227      -0.411676
0.387162       0.417226      -0.411531
0.388033       0.418224      -0.411385
0.388903       0.419222      -0.411239
0.389773       0.420220      -0.411092
0.390643       0.421219      -0.410945
0.391512       0.422217      -0.410797
0.392382       0.423215      -0.410648
0.393251       0.424213      -0.410499
0.394120       0.425212      -0.410350
0.394989       0.426210      -0.410200
0.395858       0.427208      -0.410049
0.396727       0.428207      -0.409898
0.397595       0.429205      -0.409746
0.398463       0.430203      -0.409594
0.399332       0.431201      -0.409441
0.400199       0.432200      -0.409288
0.401067       0.433198      -0.409134
0.401935       0.434196      -0.408979
0.402802       0.435194      -0.408824
0.403669       0.436193      -0.408668
0.404536       0.437191      -0.408512
0.405403       0.438189      -0.408356
0.406270       0.439187      -0.408198
0.407137       0.440186      -0.408041
0.408003       0.441184      -0.407882
0.408869       0.442182      -0.407723
0.409735       0.443181      -0.407564
0.410601       0.444179      -0.407404
0.411467       0.445177      -0.407243
0.412333       0.446175      -0.407082
0.413198       0.447174      -0.406921
0.414063       0.448172      -0.406759
0.414928       0.449170      -0.406596
0.415793       0.450168      -0.406433
0.416658       0.451167      -0.406269
0.417522       0.452165      -0.406105
0.418387       0.453163      -0.405940
0.419251       0.454161      -0.405775
0.420115       0.455160      -0.405609
0.420979       0.456158      -0.405443
0.421843       0.457156      -0.405276
0.422707       0.458155      -0.405108
0.423570       0.459153      -0.404940
0.424434       0.460151      -0.404772
0.425297       0.461149      -0.404603
0.426160       0.462148      -0.404433
0.427023       0.463146      -0.404263
0.427885       0.464144      -0.404093
0.428748       0.465143      -0.403922
0.429610       0.466141      -0.403750
0.430473       0.467139      -0.403578
0.431335       0.468137      -0.403405
0.432197       0.469136      -0.403232
0.433059       0.470134      -0.403058
0.433920       0.471132      -0.402884
0.434782       0.472130      -0.402709
0.435643       0.473129      -0.402534
0.436504       0.474127      -0.402358
0.437366       0.475125      -0.402182
0.438226       0.476124      -0.402005
0.439087       0.477122      -0.401828
0.439948       0.478120      -0.401650
0.440808       0.479118      -0.401471
0.441669       0.480117      -0.401292
0.442529       0.481115      -0.401113
0.443389       0.482113      -0.400933
0.444249       0.483112      -0.400753
0.445109       0.484110      -0.400572
0.445969       0.485108      -0.400390
0.446828       0.486106      -0.400208
0.447688       0.487105      -0.400026
0.448547       0.488103      -0.399843
0.449406       0.489101      -0.399660
0.450265       0.490099      -0.399476
0.451124       0.491098      -0.399291
0.451983       0.492096      -0.399106
0.452841       0.493094      -0.398921
0.453700       0.494093      -0.398735
0.454558       0.495091      -0.398548
0.455416       0.496089      -0.398361
0.456274       0.497087      -0.398174
0.457132       0.498086      -0.397986
0.457990       0.499084      -0.397797
0.458848       0.500082      -0.397608
0.459705       0.501081      -0.397419
0.460563       0.502079      -0.397229
0.461420       0.503077      -0.397038
0.462277       0.504075      -0.396847
0.463134       0.505074      -0.396656
0.463991       0.506072      -0.396464
0.464848       0.507070      -0.396272
0.465704       0.508069      -0.396079
0.466561       0.509067      -0.395885
0.467417       0.510065      -0.395691
0.468274       0.511063      -0.395497
0.469130       0.512062      -0.395302
0.469986       0.513060      -0.395107
0.470842       0.514058      -0.394911
0.471698       0.515057      -0.394714
0.472553       0.516055      -0.394518
0.473409       0.517053      -0.394320
0.474264       0.518051      -0.394122
0.475120       0.519050      -0.393924
0.475975       0.520048      -0.393725
0.476830       0.521046      -0.393526
0.477685       0.522045      -0.393326
0.478540       0.523043      -0.393126
0.479395       0.524041      -0.392925
0.480250       0.525040      -0.392724
0.481104       0.526038      -0.392522
0.481959       0.527036      -0.392320
0.482813       0.528034      -0.392118
0.483667       0.529033      -0.391914
0.484521       0.530031      -0.391711
0.485375       0.531029      -0.391507
0.486229       0.532028      -0.391302
0.487083       0.533026      -0.391097
0.487937       0.534024      -0.390892
0.488790       0.535022      -0.390686
0.489644       0.536021      -0.390479
0.490497       0.537019      -0.390272
0.491350       0.538017      -0.390065
0.492203       0.539016      -0.389857
0.493057       0.540014      -0.389649
0.493910       0.541012      -0.389440
0.494762       0.542010      -0.389231
0.495615       0.543009      -0.389021
0.496468       0.544007      -0.388811
0.497320       0.545005      -0.388600
0.498173       0.546004      -0.388389
0.499025       0.547002      -0.388177
0.499877       0.548000      -0.387965
0.500730       0.548999      -0.387753
0.501582       0.549997      -0.387540
0.502434       0.550995      -0.387326
0.503286       0.551993      -0.387112
0.504137       0.552992      -0.386898
0.504989       0.553990      -0.386683
0.505841       0.554988      -0.386467
0.506692       0.555987      -0.386252
0.507544       0.556985      -0.386035
0.508395       0.557983      -0.385819
0.509246       0.558982      -0.385602
0.510097       0.559980      -0.385384
0.510948       0.560978      -0.385166
0.511799       0.561976      -0.384947
0.512650       0.562975      -0.384728
0.513501       0.563973      -0.384509
0.514352       0.564971      -0.384289
0.515202       0.565970      -0.384069
0.516053       0.566968      -0.383848
0.516903       0.567966      -0.383626
0.517754       0.568964      -0.383405
0.518604       0.569963      -0.383183
0.519454       0.570961      -0.382960
0.520304       0.571959      -0.382737
0.521154       0.572958      -0.382513
0.522004       0.573956      -0.382289
0.522854       0.574954      -0.382065
0.523704       0.575953      -0.381840
0.524554       0.576951      -0.381615
0.525404       0.577949      -0.381389
0.526253       0.578947      -0.381163
0.527103       0.579946      -0.380936
0.527952       0.580944      -0.380709
0.528801       0.581942      -0.380481
0.529651       0.582941      -0.380253
0.530500       0.583939      -0.380025
0.531349       0.584937      -0.379796
0.532198       0.585936      -0.379566
0.533047       0.586934      -0.379337
0.533896       0.587932      -0.379106
0.534745       0.588931      -0.378876
0.535594       0.589929      -0.378645
0.536442       0.590927      -0.378413
0.537291       0.591925      -0.378181
0.538140       0.592924      -0.377949
0.538988       0.593922      -0.377716
0.539837       0.594920      -0.377482
0.540685       0.595919      -0.377249
0.541533       0.596917      -0.377015
0.542382       0.597915      -0.376780
0.543230       0.598914      -0.376545
0.544078       0.599912      -0.376309
0.544926       0.600910      -0.376073
0.545774       0.601908      -0.375837
0.546622       0.602907      -0.375600
0.547470       0.603905      -0.375363
0.548318       0.604903      -0.375125
0.549165       0.605902      -0.374887
0.550013       0.606900      -0.374649
0.550861       0.607898      -0.374410
0.551708       0.608897      -0.374170
0.552556       0.609895      -0.373931
0.553404       0.610893      -0.373690
0.554251       0.611891      -0.373450
0.555098       0.612890      -0.373209
0.555946       0.613888      -0.372967
0.556793       0.614886      -0.372725
0.557640       0.615885      -0.372483
0.558487       0.616883      -0.372240
0.559335       0.617881      -0.371997
0.560182       0.618880      -0.371753
0.561029       0.619878      -0.371509
0.561876       0.620876      -0.371264
0.562723       0.621875      -0.371019
0.563570       0.622873      -0.370774
0.564416       0.623871      -0.370528
0.565263       0.624869      -0.370282
0.566110       0.625868      -0.370035
0.566957       0.626866      -0.369788
0.567803       0.627864      -0.369541
0.568650       0.628863      -0.369293
0.569497       0.629861      -0.369044
0.570343       0.630859      -0.368796
0.571190       0.631858      -0.368547
0.572036       0.632856      -0.368297
0.572883       0.633854      -0.368047
0.573729       0.634853      -0.367797
0.574575       0.635851      -0.367546
0.575422       0.636849      -0.367294
0.576268       0.637847      -0.367043
0.577114       0.638846      -0.366791
0.577960       0.639844      -0.366538
0.578807       0.640842      -0.366285
0.579653       0.641841      -0.366032
0.580499       0.642839      -0.365778
0.581345       0.643837      -0.365524
0.582191       0.644836      -0.365269
0.583037       0.645834      -0.365014
0.583883       0.646832      -0.364759
0.584729       0.647831      -0.364503
0.585575       0.648829      -0.364247
0.586421       0.649827      -0.363990
0.587267       0.650825      -0.363733
0.588113       0.651824      -0.363476
0.588958       0.652822      -0.363218
0.589804       0.653820      -0.362960
0.590650       0.654819      -0.362701
0.591496       0.655817      -0.362442
0.592341       0.656815      -0.362183
0.593187       0.657814      -0.361923
0.594033       0.658812      -0.361662
0.594879       0.659810      -0.361402
0.595724       0.660809      -0.361141
0.596570       0.661807      -0.360879
0.597415       0.662805      -0.360617
0.598261       0.663803      -0.360355
0.599107       0.664802      -0.360092
0.599952       0.665800      -0.359829
0.600798       0.666798      -0.359565
0.601643       0.667797      -0.359301
0.602489       0.668795      -0.359037
0.603334       0.669793      -0.358772
0.604180       0.670792      -0.358507
0.605025       0.671790      -0.358242
0.605871       0.672788      -0.357976
0.606716       0.673787      -0.357709
0.607562       0.674785      -0.357442
0.608407       0.675783      -0.357175
0.609253       0.676781      -0.356908
0.610098       0.677780      -0.356640
0.610944       0.678778      -0.356371
0.611789       0.679776      -0.356103
0.612634       0.680775      -0.355834
0.613480       0.681773      -0.355564
0.614325       0.682771      -0.355294
0.615171       0.683770      -0.355024
0.616016       0.684768      -0.354753
0.616861       0.685766      -0.354482
0.617707       0.686765      -0.354210
0.618552       0.687763      -0.353938
0.619398       0.688761      -0.353666
0.620243       0.689760      -0.353393
0.621088       0.690758      -0.353120
0.621934       0.691756      -0.352847
0.622779       0.692754      -0.352573
0.623625       0.693753      -0.352299
0.624470       0.694751      -0.352024
0.625316       0.695749      -0.351749
0.626161       0.696748      -0.351473
0.627006       0.697746      -0.351198
0.627852       0.698744      -0.350921
0.628697       0.699743      -0.350645
0.629543       0.700741      -0.350368
0.630388       0.701739      -0.350090
0.631234       0.702738      -0.349813
0.632079       0.703736      -0.349534
0.632925       0.704734      -0.349256
0.633770       0.705732      -0.348977
0.634616       0.706731      -0.348698
0.635461       0.707729      -0.348418
0.636307       0.708727      -0.348138
0.637153       0.709726      -0.347857
0.637998       0.710724      -0.347576
0.638844       0.711722      -0.347295
0.639689       0.712721      -0.347013
0.640535       0.713719      -0.346731
0.641381       0.714717      -0.346449
0.642227       0.715716      -0.346166
0.643072       0.716714      -0.345883
0.643918       0.717712      -0.345599
0.644764       0.718710      -0.345315
0.645610       0.719709      -0.345031
0.646455       0.720707      -0.344746
0.647301       0.721705      -0.344461
0.648147       0.722704      -0.344176
0.648993       0.723702      -0.343890
0.649839       0.724700      -0.343604
0.650685       0.725699      -0.343317
0.651531       0.726697      -0.343030
0.652377       0.727695      -0.342742
0.653223       0.728694      -0.342455
0.654069       0.729692      -0.342167
0.654915       0.730690      -0.341878
0.655761       0.731688      -0.341589
0.656607       0.732687      -0.341300
0.657454       0.733685      -0.341010
0.658300       0.734683      -0.340720
0.659146       0.735682      -0.340430
0.659992       0.736680      -0.340139
0.660839       0.737678      -0.339848
0.661685       0.738677      -0.339556
0.662532       0.739675      -0.339264
0.663378       0.740673      -0.338972
0.664225       0.741672      -0.338679
0.665071       0.742670      -0.338386
0.665918       0.743668      -0.338093
0.666764       0.744666      -0.337799
0.667611       0.745665      -0.337505
0.668458       0.746663      -0.337210
0.669305       0.747661      -0.336915
0.670151       0.748660      -0.336620
0.670998       0.749658      -0.336324
0.671845       0.750656      -0.336028
0.672692       0.751655      -0.335732
0.673539       0.752653      -0.335435
0.674386       0.753651      -0.335138
0.675233       0.754650      -0.334840
0.676080       0.755648      -0.334542
0.676928       0.756646      -0.334244
0.677775       0.757644      -0.333945
0.678622       0.758643      -0.333646
0.679470       0.759641      -0.333347
0.680317       0.760639      -0.333047
0.681165       0.761638      -0.332747
0.682012       0.762636      -0.332447
0.682860       0.763634      -0.332146
0.683707       0.764633      -0.331844
0.684555       0.765631      -0.331543
0.685403       0.766629      -0.331241
0.686251       0.767627      -0.330938
0.687099       0.768626      -0.330636
0.687947       0.769624      -0.330333
0.688795       0.770622      -0.330029
0.689643       0.771621      -0.329725
0.690491       0.772619      -0.329421
0.691339       0.773617      -0.329117
0.692187       0.774616      -0.328812
0.693036       0.775614      -0.328506
0.693884       0.776612      -0.328201
0.694733       0.777611      -0.327895
0.695581       0.778609      -0.327588
0.696430       0.779607      -0.327282
0.697279       0.780605      -0.326975
0.698127       0.781604      -0.326667
0.698976       0.782602      -0.326359
0.699825       0.783600      -0.326051
0.700674       0.784599      -0.325742
0.701523       0.785597      -0.325433
0.702372       0.786595      -0.325124
0.703222       0.787594      -0.324815
0.704071       0.788592      -0.324504
0.704920       0.789590      -0.324194
0.705770       0.790588      -0.323883
0.706619       0.791587      -0.323572
0.707469       0.792585      -0.323261
0.708319       0.793583      -0.322949
0.709169       0.794582      -0.322637
0.710019       0.795580      -0.322324
0.710868       0.796578      -0.322011
0.711719       0.797577      -0.321698
0.712569       0.798575      -0.321384
0.713419       0.799573      -0.321070
0.714269       0.800571      -0.320756
0.715120       0.801570      -0.320441
0.715970       0.802568      -0.320126
0.716821       0.803566      -0.319811
0.717671       0.804565      -0.319495
0.718522       0.805563      -0.319179
0.719373       0.806561      -0.318862
0.720224       0.807560      -0.318545
0.721075       0.808558      -0.318228
0.721926       0.809556      -0.317910
0.722778       0.810554      -0.317593
0.723629       0.811553      -0.317274
0.724480       0.812551      -0.316956
0.725332       0.813549      -0.316637
0.726184       0.814548      -0.316317
0.727035       0.815546      -0.315997
0.727887       0.816544      -0.315677
0.728739       0.817543      -0.315357
0.729591       0.818541      -0.315036
0.730443       0.819539      -0.314715
0.731296       0.820537      -0.314393
0.732148       0.821536      -0.314071
0.733000       0.822534      -0.313749
0.733853       0.823532      -0.313427
0.734706       0.824531      -0.313104
0.735559       0.825529      -0.312780
0.736411       0.826527      -0.312457
0.737264       0.827525      -0.312133
0.738118       0.828524      -0.311808
0.738971       0.829522      -0.311484
0.739824       0.830520      -0.311158
0.740678       0.831519      -0.310833
0.741531       0.832517      -0.310507
0.742385       0.833515      -0.310181
0.743239       0.834514      -0.309855
0.744093       0.835512      -0.309528
0.744947       0.836510      -0.309200
0.745801       0.837508      -0.308873
0.746655       0.838507      -0.308545
0.747510       0.839505      -0.308217
0.748364       0.840503      -0.307888
0.749219       0.841502      -0.307559
0.750074       0.842500      -0.307230
0.750929       0.843498      -0.306900
0.751784       0.844496      -0.306570
0.752639       0.845495      -0.306240
0.753494       0.846493      -0.305909
0.754350       0.847491      -0.305578
0.755205       0.848490      -0.305246
0.756061       0.849488      -0.304915
0.756917       0.850486      -0.304582
0.757773       0.851484      -0.304250
0.758629       0.852483      -0.303917
0.759485       0.853481      -0.303584
0.760342       0.854479      -0.303250
0.761198       0.855478      -0.302916
0.762055       0.856476      -0.302582
0.762912       0.857474      -0.302248
0.763769       0.858472      -0.301913
0.764626       0.859471      -0.301577
0.765483       0.860469      -0.301242
0.766340       0.861467      -0.300906
0.767198       0.862466      -0.300569
0.768055       0.863464      -0.300233
0.768913       0.864462      -0.299895
0.769771       0.865460      -0.299558
0.770629       0.866459      -0.299220
0.771488       0.867457      -0.298882
0.772346       0.868455      -0.298544
0.773204       0.869454      -0.298205
0.774063       0.870452      -0.297866
0.774922       0.871450      -0.297526
0.775781       0.872448      -0.297186
0.776640       0.873447      -0.296846
0.777499       0.874445      -0.296506
0.778359       0.875443      -0.296165
0.779218       0.876442      -0.295823
0.780078       0.877440      -0.295482
0.780938       0.878438      -0.295140
0.781798       0.879436      -0.294798
0.782659       0.880435      -0.294455
0.783519       0.881433      -0.294112
0.784379       0.882431      -0.293769
0.785240       0.883430      -0.293425
0.786101       0.884428      -0.293081
0.786962       0.885426      -0.292736
0.787823       0.886424      -0.292392
0.788685       0.887423      -0.292047
0.789546       0.888421      -0.291701
0.790408       0.889419      -0.291355
0.791270       0.890417      -0.291009
0.792132       0.891416      -0.290663
0.792994       0.892414      -0.290316
0.793857       0.893412      -0.289969
0.794719       0.894411      -0.289621
0.795582       0.895409      -0.289273
0.796445       0.896407      -0.288925
0.797308       0.897405      -0.288577
0.798172       0.898404      -0.288228
0.799035       0.899402      -0.287878
0.799899       0.900400      -0.287529
0.800763       0.901398      -0.287179
0.801627       0.902397      -0.286828
0.802491       0.903395      -0.286478
0.803355       0.904393      -0.286127
0.804220       0.905392      -0.285775
0.805085       0.906390      -0.285424
0.805950       0.907388      -0.285072
0.806815       0.908386      -0.284719
0.807680       0.909385      -0.284367
0.808546       0.910383      -0.284013
0.809411       0.911381      -0.283660
0.810277       0.912379      -0.283306
0.811143       0.913378      -0.282952
0.812010       0.914376      -0.282598
0.812876       0.915374      -0.282243
0.813743       0.916373      -0.281888
0.814610       0.917371      -0.281532
0.815477       0.918369      -0.281176
0.816344       0.919367      -0.280820
0.817211       0.920366      -0.280464
0.818079       0.921364      -0.280107
0.818947       0.922362      -0.279749
0.819815       0.923360      -0.279392
0.820683       0.924359      -0.279034
0.821552       0.925357      -0.278676
0.822421       0.926355      -0.278317
0.823290       0.927353      -0.277958
0.824159       0.928352      -0.277599
0.825028       0.929350      -0.277239
0.825898       0.930348      -0.276879
0.826767       0.931346      -0.276519
0.827637       0.932345      -0.276158
0.828508       0.933343      -0.275797
0.829378       0.934341      -0.275435
0.830249       0.935340      -0.275074
0.831120       0.936338      -0.274711
0.831991       0.937336      -0.274349
0.832862       0.938334      -0.273986
0.833733       0.939333      -0.273623
0.834605       0.940331      -0.273260
0.835477       0.941329      -0.272896
0.836349       0.942327      -0.272532
0.837222       0.943326      -0.272167
0.838094       0.944324      -0.271802
0.838967       0.945322      -0.271437
0.839840       0.946320      -0.271071
0.840714       0.947319      -0.270705
0.841587       0.948317      -0.270339
0.842461       0.949315      -0.269972
0.843335       0.950313      -0.269606
0.844209       0.951312      -0.269238
0.845084       0.952310      -0.268871
0.845959       0.953308      -0.268503
0.846834       0.954306      -0.268134
0.847709       0.955305      -0.267765
0.848584       0.956303      -0.267396
0.849460       0.957301      -0.267027
0.850336       0.958299      -0.266657
0.851212       0.959298      -0.266287
0.852089       0.960296      -0.265917
0.852965       0.961294      -0.265546
0.853842       0.962292      -0.265175
0.854719       0.963291      -0.264803
0.855597       0.964289      -0.264431
0.856474       0.965287      -0.264059
0.857352       0.966285      -0.263687
0.858231       0.967284      -0.263314
0.859109       0.968282      -0.262941
0.859988       0.969280      -0.262567
0.860867       0.970278      -0.262193
0.861746       0.971277      -0.261819
0.862625       0.972275      -0.261444
0.863505       0.973273      -0.261069
0.864385       0.974271      -0.260694
0.865265       0.975269      -0.260318
0.866146       0.976268      -0.259942
0.867027       0.977266      -0.259566
0.867908       0.978264      -0.259189
0.868789       0.979262      -0.258812
0.869671       0.980261      -0.258435
0.870552       0.981259      -0.258057
0.871435       0.982257      -0.257679
0.872317       0.983255      -0.257300
0.873200       0.984254      -0.256921
0.874083       0.985252      -0.256542
0.874966       0.986250      -0.256163
0.875849       0.987248      -0.255783
0.876733       0.988247      -0.255403
0.877617       0.989245      -0.255022
0.878502       0.990243      -0.254641
0.879386       0.991241      -0.254260
0.880271       0.992239      -0.253878
0.881156       0.993238      -0.253496
0.882042       0.994236      -0.253114
0.882928       0.995234      -0.252731
0.883814       0.996232      -0.252348
0.884700       0.997231      -0.251965
0.885587       0.998229      -0.251581
0.886474       0.999227      -0.251197
0.887361       1.000225      -0.250813
0.888249       1.001224      -0.250428
0.889136       1.002222      -0.250043
0.890024       1.003220      -0.249657
0.890913       1.004218      -0.249271
0.891802       1.005216      -0.248885
0.892691       1.006215      -0.248499
0.893580       1.007213      -0.248112
0.894470       1.008211      -0.247724
0.895360       1.009209      -0.247337
0.896250       1.010208      -0.246949
0.897141       1.011206      -0.246561
0.898031       1.012204      -0.246172
0.898923       1.013202      -0.245783
0.899814       1.014200      -0.245393
0.900706       1.015199      -0.245004
0.901598       1.016197      -0.244614
0.902491       1.017195      -0.244223
0.903383       1.018193      -0.243832
0.904276       1.019191      -0.243441
0.905170       1.020190      -0.243050
0.906064       1.021188      -0.242658
0.906958       1.022186      -0.242266
0.907852       1.023184      -0.241873
0.908747       1.024183      -0.241480
0.909642       1.025181      -0.241087
0.910537       1.026179      -0.240693
0.911433       1.027177      -0.240299
0.912329       1.028175      -0.239905
0.913225       1.029174      -0.239510
0.914122       1.030172      -0.239115
0.915019       1.031170      -0.238720
0.915917       1.032168      -0.238324
0.916814       1.033166      -0.237928
0.917712       1.034165      -0.237531
0.918611       1.035163      -0.237134
0.919509       1.036161      -0.236737
0.920409       1.037159      -0.236339
0.921308       1.038157      -0.235942
0.922208       1.039156      -0.235543
0.923108       1.040154      -0.235145
0.924008       1.041152      -0.234746
0.924909       1.042150      -0.234346
0.925811       1.043148      -0.233946
0.926712       1.044147      -0.233546
0.927614       1.045145      -0.233146
0.928516       1.046143      -0.232745
0.929419       1.047141      -0.232344
0.930322       1.048139      -0.231942
0.931225       1.049138      -0.231540
0.932129       1.050136      -0.231138
0.933033       1.051134      -0.230736
0.933938       1.052132      -0.230333
0.934842       1.053130      -0.229929
0.935748       1.054129      -0.229525
0.936653       1.055127      -0.229121
0.937559       1.056125      -0.228717
0.938465       1.057123      -0.228312
0.939372       1.058121      -0.227907
0.940279       1.059119      -0.227501
0.941187       1.060118      -0.227095
0.942095       1.061116      -0.226689
0.943003       1.062114      -0.226283
0.943911       1.063112      -0.225876
0.944820       1.064110      -0.225468
0.945730       1.065109      -0.225060
0.946640       1.066107      -0.224652
0.947550       1.067105      -0.224244
0.948460       1.068103      -0.223835
0.949371       1.069101      -0.223426
0.950283       1.070099      -0.223016
0.951194       1.071098      -0.222606
0.952106       1.072096      -0.222196
0.953019       1.073094      -0.221785
0.953932       1.074092      -0.221374
0.954845       1.075090      -0.220963
0.955759       1.076088      -0.220551
0.956673       1.077087      -0.220139
0.957588       1.078085      -0.219727
0.958503       1.079083      -0.219314
0.959418       1.080081      -0.218900
0.960334       1.081079      -0.218487
0.961250       1.082077      -0.218073
0.962167       1.083076      -0.217658
0.963084       1.084074      -0.217244
0.964001       1.085072      -0.216828
0.964919       1.086070      -0.216413
0.965838       1.087068      -0.215997
0.966756       1.088066      -0.215581
0.967676       1.089065      -0.215164
0.968595       1.090063      -0.214747
0.969515       1.091061      -0.214330
0.970436       1.092059      -0.213912
0.971357       1.093057      -0.213494
0.972278       1.094055      -0.213076
0.973200       1.095054      -0.212657
0.974122       1.096052      -0.212238
0.975045       1.097050      -0.211818
0.975968       1.098048      -0.211398
0.976891       1.099046      -0.210978
0.977815       1.100044      -0.210557
0.978740       1.101043      -0.210136
0.979665       1.102041      -0.209714
0.980590       1.103039      -0.209292
0.981516       1.104037      -0.208870
0.982442       1.105035      -0.208447
0.983369       1.106033      -0.208024
0.984296       1.107031      -0.207601
0.985224       1.108030      -0.207177
0.986152       1.109028      -0.206753
0.987081       1.110026      -0.206328
0.988010       1.111024      -0.205903
0.988939       1.112022      -0.205478
0.989869       1.113020      -0.205052
0.990800       1.114018      -0.204626
0.991730       1.115017      -0.204200
0.992662       1.116015      -0.203773
0.993594       1.117013      -0.203346
0.994526       1.118011      -0.202918
0.995459       1.119009      -0.202490
0.996392       1.120007      -0.202062
0.997326       1.121005      -0.201633
0.998260       1.122003      -0.201204
0.999195       1.123002      -0.200774
1.000000       1.124000      -0.200344

Iterations quantity is 1127