0.000000      10.000000      22.000000       9.000000
0.000020      10.004180      21.998027       9.001152
0.000039      10.008357      21.996057       9.002305
0.000078      10.016708      21.992122       9.004609
0.000117      10.025049      21.988197       9.006913
0.000156      10.033381      21.984283       9.009217
0.000195      10.041705      21.980379       9.011521
0.000234      10.050019      21.976485       9.013824
0.000273      10.058325      21.972601       9.016128
0.000313      10.066622      21.968727       9.018431
0.000352      10.074910      21.964864       9.020733
0.000391      10.083189      21.961010       9.023036
0.000430      10.091459      21.957167       9.025338
0.000469      10.099720      21.953334       9.027640
0.000508      10.107972      21.949511       9.029942
0.000547      10.116216      21.945699       9.032244
0.000586      10.124451      21.941896       9.034545
0.000625      10.132677      21.938103       9.036846
0.000664      10.140894      21.934321       9.039147
0.000703      10.149102      21.930548       9.041448
0.000742      10.157302      21.926786       9.043748
0.000781      10.165493      21.923033       9.046049
0.000820      10.173675      21.919291       9.048349
0.000859      10.181849      21.915558       9.050648
0.000898      10.190014      21.911836       9.052948
0.000938      10.198170      21.908123       9.055247
0.000977      10.206317      21.904421       9.057546
0.001016      10.214456      21.900728       9.059845
0.001055      10.222586      21.897045       9.062144
0.001094      10.230708      21.893372       9.064442
0.001133      10.238821      21.889709       9.066741
0.001172      10.246925      21.886056       9.069039
0.001211      10.255021      21.882413       9.071337
0.001250      10.263108      21.878780       9.073634
0.001289      10.271187      21.875156       9.075932
0.001328      10.279257      21.871542       9.078229
0.001367      10.287318      21.867938       9.080526
0.001406      10.295372      21.864344       9.082822
0.001445      10.303416      21.860760       9.085119
0.001484      10.311452      21.857185       9.087415
0.001523      10.319480      21.853620       9.089711
0.001563      10.327499      21.850065       9.092007
0.001602      10.335510      21.846519       9.094303
0.001641      10.343512      21.842983       9.096598
0.001680      10.351506      21.839457       9.098894
0.001719      10.359491      21.835941       9.101189
0.001758      10.367468      21.832434       9.103484
0.001797      10.375437      21.828937       9.105778
0.001836      10.383397      21.825449       9.108073
0.001875      10.391349      21.821971       9.110367
0.001914      10.399293      21.818503       9.112661
0.001953      10.407228      21.815044       9.114955
0.001992      10.415155      21.811595       9.117249
0.002031      10.423074      21.808155       9.119542
0.002070      10.430984      21.804725       9.121835
0.002109      10.438887      21.801304       9.124128
0.002148      10.446780      21.797893       9.126421
0.002188      10.454666      21.794492       9.128714
0.002227      10.462544      21.791099       9.131006
0.002266      10.470413      21.787717       9.133299
0.002305      10.478274      21.784344       9.135591
0.002344      10.486127      21.780980       9.137883
0.002383      10.493971      21.777626       9.140174
0.002422      10.501808      21.774281       9.142466
0.002461      10.509636      21.770945       9.144757
0.002500      10.517456      21.767619       9.147048
0.002539      10.525268      21.764302       9.149339
0.002578      10.533072      21.760995       9.151630
0.002617      10.540868      21.757697       9.153921
0.002656      10.548656      21.754408       9.156211
0.002695      10.556436      21.751129       9.158501
0.002734      10.564207      21.747858       9.160791
0.002773      10.571971      21.744598       9.163081
0.002813      10.579726      21.741346       9.165371
0.002852      10.587474      21.738104       9.167660
0.002891      10.595213      21.734871       9.169950
0.002930      10.602945      21.731647       9.172239
0.002969      10.610669      21.728432       9.174528
0.003008      10.618384      21.725227       9.176817
0.003047      10.626092      21.722031       9.179105
0.003086      10.633792      21.718844       9.181394
0.003125      10.641483      21.715666       9.183682
0.003164      10.649167      21.712497       9.185970
0.003203      10.656843      21.709338       9.188258
0.003242      10.664511      21.706187       9.190546
0.003281      10.672171      21.703046       9.192833
0.003320      10.679824      21.699914       9.195121
0.003359      10.687468      21.696791       9.197408
0.003398      10.695105      21.693677       9.199695
0.003438      10.702734      21.690572       9.201982
0.003477      10.710355      21.687476       9.204268
0.003516      10.717968      21.684389       9.206555
0.003555      10.725573      21.681311       9.208841
0.003594      10.733171      21.678242       9.211128
0.003633      10.740761      21.675182       9.213414
0.003672      10.748343      21.672131       9.215700
0.003711      10.755917      21.669089       9.217985
0.003750      10.763484      21.666056       9.220271
0.003789      10.771043      21.663032       9.222556
0.003828      10.778594      21.660017       9.224842
0.003867      10.786138      21.657011       9.227127
0.003906      10.793673      21.654013       9.229412
0.003945      10.801202      21.651025       9.231696
0.003984      10.808722      21.648045       9.233981
0.004023      10.816235      21.645075       9.236265
0.004063      10.823740      21.642113       9.238550
0.004102      10.831238      21.639160       9.240834
0.004141      10.838728      21.636216       9.243118
0.004180      10.846211      21.633280       9.245402
0.004219      10.853686      21.630354       9.247685
0.004258      10.861153      21.627436       9.249969
0.004297      10.868613      21.624527       9.252252
0.004336      10.876065      21.621627       9.254536
0.004375      10.883510      21.618735       9.256819
0.004414      10.890947      21.615852       9.259102
0.004453      10.898377      21.612978       9.261384
0.004492      10.905799      21.610113       9.263667
0.004531      10.913214      21.607256       9.265950
0.004570      10.920621      21.604408       9.268232
0.004609      10.928021      21.601569       9.270514
0.004648      10.935413      21.598738       9.272796
0.004688      10.942798      21.595916       9.275078
0.004727      10.950176      21.593103       9.277360
0.004766      10.957546      21.590298       9.279642
0.004805      10.964908      21.587502       9.281923
0.004844      10.972264      21.584714       9.284205
0.004883      10.979612      21.581935       9.286486
0.004922      10.986952      21.579164       9.288767
0.004961      10.994286      21.576403       9.291048
0.005000      11.001612      21.573649       9.293329
0.005039      11.008930      21.570904       9.295609
0.005078      11.016241      21.568168       9.297890
0.005117      11.023545      21.565440       9.300170
0.005156      11.030842      21.562721       9.302451
0.005195      11.038132      21.560010       9.304731
0.005234      11.045414      21.557308       9.307011
0.005273      11.052689      21.554614       9.309291
0.005313      11.059956      21.551928       9.311570
0.005352      11.067217      21.549251       9.313850
0.005391      11.074470      21.546583       9.316130
0.005430      11.081716      21.543922       9.318409
0.005469      11.088955      21.541271       9.320688
0.005508      11.096187      21.538627       9.322967
0.005547      11.103411      21.535992       9.325246
0.005586      11.110629      21.533365       9.327525
0.005625      11.117839      21.530747       9.329804
0.005664      11.125042      21.528137       9.332082
0.005703      11.132238      21.525535       9.334361
0.005742      11.139427      21.522942       9.336639
0.005781      11.146608      21.520357       9.338918
0.005820      11.153783      21.517780       9.341196
0.005859      11.160951      21.515211       9.343474
0.005898      11.168111      21.512651       9.345752
0.005938      11.175264      21.510099       9.348029
0.005977      11.182411      21.507555       9.350307
0.006016      11.189550      21.505019       9.352585
0.006055      11.196683      21.502492       9.354862
0.006094      11.203808      21.499973       9.357139
0.006133      11.210926      21.497462       9.359417
0.006172      11.218038      21.494959       9.361694
0.006211      11.225142      21.492464       9.363971
0.006250      11.232240      21.489977       9.366247
0.006289      11.239330      21.487499       9.368524
0.006328      11.246414      21.485029       9.370801
0.006367      11.253490      21.482567       9.373077
0.006406      11.260560      21.480112       9.375354
0.006445      11.267623      21.477667       9.377630
0.006484      11.274679      21.475229       9.379906
0.006523      11.281728      21.472799       9.382182
0.006563      11.288770      21.470377       9.384458
0.006602      11.295805      21.467963       9.386734
0.006641      11.302834      21.465558       9.389010
0.006680      11.309855      21.463160       9.391286
0.006719      11.316870      21.460770       9.393561
0.006758      11.323878      21.458389       9.395837
0.006797      11.330879      21.456015       9.398112
0.006836      11.337873      21.453649       9.400387
0.006875      11.344861      21.451291       9.402662
0.006914      11.351842      21.448942       9.404937
0.006953      11.358816      21.446600       9.407212
0.006992      11.365783      21.444266       9.409487
0.007031      11.372744      21.441940       9.411762
0.007070      11.379698      21.439622       9.414037
0.007109      11.386645      21.437311       9.416311
0.007148      11.393585      21.435009       9.418586
0.007188      11.400519      21.432715       9.420860
0.007227      11.407446      21.430428       9.423134
0.007266      11.414366      21.428149       9.425409
0.007305      11.421280      21.425878       9.427683
0.007344      11.428187      21.423615       9.429957
0.007383      11.435088      21.421360       9.432231
0.007422      11.441981      21.419112       9.434504
0.007461      11.448869      21.416872       9.436778
0.007500      11.455749      21.414641       9.439052
0.007539      11.462623      21.412416       9.441325
0.007578      11.469491      21.410200       9.443599
0.007617      11.476351      21.407991       9.445872
0.007656      11.483206      21.405790       9.448145
0.007695      11.490053      21.403597       9.450419
0.007734      11.496894      21.401412       9.452692
0.007773      11.503729      21.399234       9.454965
0.007813      11.510557      21.397064       9.457238
0.007852      11.517379      21.394901       9.459511
0.007891      11.524194      21.392746       9.461783
0.007930      11.531003      21.390599       9.464056
0.007969      11.537805      21.388460       9.466329
0.008008      11.544600      21.386328       9.468601
0.008047      11.551390      21.384204       9.470874
0.008086      11.558172      21.382087       9.473146
0.008125      11.564949      21.379978       9.475418
0.008164      11.571719      21.377876       9.477691
0.008203      11.578482      21.375783       9.479963
0.008242      11.585239      21.373696       9.482235
0.008281      11.591990      21.371618       9.484507
0.008320      11.598734      21.369546       9.486779
0.008359      11.605472      21.367483       9.489051
0.008398      11.612204      21.365426       9.491322
0.008437      11.618929      21.363378       9.493594
0.008477      11.625648      21.361337       9.495866
0.008516      11.632360      21.359303       9.498137
0.008555      11.639067      21.357277       9.500409
0.008594      11.645766      21.355258       9.502680
0.008633      11.652460      21.353247       9.504951
0.008672      11.659147      21.351243       9.507223
0.008711      11.665828      21.349247       9.509494
0.008750      11.672503      21.347258       9.511765
0.008789      11.679172      21.345276       9.514036
0.008828      11.685834      21.343302       9.516307
0.008867      11.692490      21.341335       9.518578
0.008906      11.699140      21.339376       9.520849
0.008945      11.705783      21.337424       9.523120
0.008984      11.712421      21.335479       9.525391
0.009023      11.719052      21.333542       9.527661
0.009062      11.725677      21.331612       9.529932
0.009102      11.732296      21.329689       9.532202
0.009141      11.738909      21.327774       9.534473
0.009180      11.745515      21.325866       9.536743
0.009219      11.752115      21.323965       9.539014
0.009258      11.758710      21.322072       9.541284
0.009297      11.765298      21.320186       9.543554
0.009336      11.771880      21.318307       9.545825
0.009375      11.778456      21.316435       9.548095
0.009414      11.785025      21.314571       9.550365
0.009453      11.791589      21.312714       9.552635
0.009492      11.798147      21.310864       9.554905
0.009531      11.804698      21.309021       9.557175
0.009570      11.811244      21.307185       9.559445
0.009609      11.817783      21.305357       9.561715
0.009648      11.824317      21.303536       9.563984
0.009687      11.830844      21.301722       9.566254
0.009727      11.837365      21.299915       9.568524
0.009766      11.843881      21.298115       9.570793
0.009805      11.850390      21.296323       9.573063
0.009844      11.856893      21.294537       9.575332
0.009883      11.863391      21.292759       9.577602
0.009922      11.869882      21.290988       9.579871
0.009961      11.876368      21.289224       9.582141
0.010000      11.882847      21.287467       9.584410
0.010039      11.889321      21.285717       9.586679
0.010078      11.895788      21.283974       9.588949
0.010117      11.902250      21.282238       9.591218
0.010156      11.908706      21.280509       9.593487
0.010195      11.915156      21.278787       9.595756
0.010234      11.921600      21.277073       9.598025
0.010273      11.928038      21.275365       9.600294
0.010312      11.934471      21.273664       9.602563
0.010352      11.940897      21.271970       9.604832
0.010391      11.947318      21.270284       9.607101
0.010430      11.953732      21.268604       9.609370
0.010469      11.960141      21.266931       9.611639
0.010508      11.966544      21.265265       9.613907
0.010547      11.972942      21.263606       9.616176
0.010586      11.979333      21.261954       9.618445
0.010625      11.985719      21.260309       9.620714
0.010664      11.992099      21.258671       9.622982
0.010703      11.998473      21.257040       9.625251
0.010742      12.004841      21.255416       9.627519
0.010781      12.011204      21.253798       9.629788
0.010820      12.017561      21.252188       9.632056
0.010859      12.023912      21.250584       9.634325
0.010898      12.030257      21.248987       9.636593
0.010937      12.036597      21.247397       9.638862
0.010977      12.042931      21.245814       9.641130
0.011016      12.049259      21.244237       9.643399
0.011055      12.055582      21.242668       9.645667
0.011094      12.061899      21.241105       9.647935
0.011133      12.068210      21.239549       9.650203
0.011172      12.074516      21.238000       9.652472
0.011211      12.080816      21.236458       9.654740
0.011250      12.087110      21.234922       9.657008
0.011289      12.093399      21.233393       9.659276
0.011328      12.099682      21.231871       9.661544
0.011367      12.105959      21.230356       9.663812
0.011406      12.112231      21.228847       9.666081
0.011445      12.118497      21.227345       9.668349
0.011484      12.124758      21.225850       9.670617
0.011523      12.131013      21.224361       9.672885
0.011562      12.137263      21.222879       9.675153
0.011602      12.143507      21.221404       9.677421
0.011641      12.149745      21.219936       9.679689
0.011680      12.155978      21.218474       9.681956
0.011719      12.162205      21.217019       9.684224
0.011758      12.168427      21.215570       9.686492
0.011797      12.174643      21.214128       9.688760
0.011836      12.180854      21.212693       9.691028
0.011875      12.187060      21.211264       9.693296
0.011914      12.193259      21.209842       9.695564
0.011953      12.199454      21.208427       9.697832
0.011992      12.205643      21.207018       9.700099
0.012031      12.211826      21.205615       9.702367
0.012070      12.218004      21.204220       9.704635
0.012109      12.224177      21.202830       9.706903
0.012148      12.230344      21.201448       9.709170
0.012187      12.236505      21.200072       9.711438
0.012227      12.242662      21.198702       9.713706
0.012266      12.248813      21.197339       9.715974
0.012305      12.254958      21.195982       9.718241
0.012344      12.261098      21.194632       9.720509
0.012383      12.267233      21.193288       9.722777
0.012422      12.273362      21.191951       9.725044
0.012461      12.279486      21.190621       9.727312
0.012500      12.285605      21.189296       9.729580
0.012539      12.291718      21.187979       9.731847
0.012578      12.297826      21.186667       9.734115
0.012617      12.303929      21.185362       9.736383
0.012656      12.310026      21.184064       9.738650
0.012695      12.316118      21.182772       9.740918
0.012734      12.322205      21.181486       9.743185
0.012773      12.328287      21.180207       9.745453
0.012812      12.334363      21.178934       9.747721
0.012852      12.340434      21.177668       9.749988
0.012891      12.346499      21.176407       9.752256
0.012930      12.352560      21.175154       9.754524
0.012969      12.358615      21.173906       9.756791
0.013008      12.364665      21.172665       9.759059
0.013047      12.370709      21.171430       9.761326
0.013086      12.376749      21.170202       9.763594
0.013125      12.382783      21.168980       9.765862
0.013164      12.388812      21.167764       9.768129
0.013203      12.394836      21.166554       9.770397
0.013242      12.400855      21.165351       9.772665
0.013281      12.406868      21.164154       9.774932
0.013320      12.412877      21.162964       9.777200
0.013359      12.418880      21.161779       9.779467
0.013398      12.424878      21.160601       9.781735
0.013437      12.430871      21.159429       9.784003
0.013477      12.436859      21.158263       9.786270
0.013516      12.442841      21.157104       9.788538
0.013555      12.448819      21.155951       9.790806
0.013594      12.454791      21.154803       9.793073
0.013633      12.460759      21.153663       9.795341
0.013672      12.466721      21.152528       9.797609
0.013711      12.472678      21.151399       9.799877
0.013750      12.478630      21.150277       9.802144
0.013789      12.484577      21.149161       9.804412
0.013828      12.490519      21.148051       9.806680
0.013867      12.496456      21.146947       9.808948
0.013906      12.502388      21.145849       9.811215
0.013945      12.508315      21.144758       9.813483
0.013984      12.514237      21.143672       9.815751
0.014023      12.520154      21.142593       9.818019
0.014062      12.526065      21.141519       9.820287
0.014102      12.531972      21.140452       9.822555
0.014141      12.537874      21.139391       9.824822
0.014180      12.543771      21.138336       9.827090
0.014219      12.549663      21.137287       9.829358
0.014258      12.555550      21.136244       9.831626
0.014297      12.561432      21.135207       9.833894
0.014336      12.567309      21.134176       9.836162
0.014375      12.573181      21.133151       9.838430
0.014414      12.579048      21.132133       9.840698
0.014453      12.584910      21.131120       9.842966
0.014492      12.590768      21.130113       9.845234
0.014531      12.596620      21.129112       9.847502
0.014570      12.602468      21.128117       9.849770
0.014609      12.608310      21.127129       9.852038
0.014648      12.614148      21.126146       9.854307
0.014687      12.619981      21.125169       9.856575
0.014727      12.625809      21.124198       9.858843
0.014766      12.631632      21.123233       9.861111
0.014805      12.637450      21.122274       9.863379
0.014844      12.643264      21.121321       9.865648
0.014883      12.649073      21.120373       9.867916
0.014922      12.654876      21.119432       9.870184
0.014961      12.660675      21.118497       9.872453
0.015000      12.666470      21.117567       9.874721
0.015039      12.672259      21.116644       9.876989
0.015078      12.678044      21.115726       9.879258
0.015117      12.683823      21.114814       9.881526
0.015156      12.689599      21.113908       9.883795
0.015195      12.695369      21.113008       9.886063
0.015234      12.701134      21.112113       9.888332
0.015273      12.706895      21.111225       9.890601
0.015312      12.712651      21.110342       9.892869
0.015352      12.718402      21.109465       9.895138
0.015391      12.724149      21.108594       9.897407
0.015430      12.729891      21.107729       9.899675
0.015469      12.735628      21.106869       9.901944
0.015508      12.741360      21.106016       9.904213
0.015547      12.747088      21.105168       9.906482
0.015586      12.752811      21.104326       9.908751
0.015625      12.758530      21.103489       9.911020
0.015664      12.764243      21.102659       9.913289
0.015703      12.769952      21.101834       9.915558
0.015742      12.775657      21.101015       9.917827
0.015781      12.781357      21.100201       9.920096
0.015820      12.787052      21.099394       9.922365
0.015859      12.792742      21.098592       9.924634
0.015898      12.798428      21.097795       9.926903
0.015937      12.804109      21.097005       9.929172
0.015977      12.809786      21.096220       9.931442
0.016016      12.815458      21.095441       9.933711
0.016055      12.821125      21.094667       9.935980
0.016094      12.826788      21.093899       9.938250
0.016133      12.832446      21.093137       9.940519
0.016172      12.838100      21.092380       9.942789
0.016211      12.843749      21.091629       9.945058
0.016250      12.849394      21.090884       9.947328
0.016289      12.855034      21.090144       9.949597
0.016328      12.860669      21.089410       9.951867
0.016367      12.866300      21.088682       9.954137
0.016406      12.871926      21.087959       9.956407
0.016445      12.877548      21.087242       9.958676
0.016484      12.883166      21.086530       9.960946
0.016523      12.888779      21.085824       9.963216
0.016562      12.894387      21.085123       9.965486
0.016602      12.899991      21.084428       9.967756
0.016641      12.905590      21.083739       9.970026
0.016680      12.911185      21.083055       9.972296
0.016719      12.916776      21.082376       9.974567
0.016758      12.922362      21.081703       9.976837
0.016797      12.927943      21.081036       9.979107
0.016836      12.933521      21.080374       9.981377
0.016875      12.939093      21.079718       9.983648
0.016914      12.944662      21.079067       9.985918
0.016953      12.950225      21.078422       9.988189
0.016992      12.955785      21.077782       9.990459
0.017031      12.961340      21.077147       9.992730
0.017070      12.966891      21.076519       9.995001
0.017109      12.972437      21.075895       9.997271
0.017148      12.977979      21.075277       9.999542
0.017187      12.983516      21.074664      10.001813
0.017227      12.989049      21.074057      10.004084
0.017266      12.994578      21.073456      10.006355
0.017305      13.000103      21.072859      10.008626
0.017344      13.005623      21.072268      10.010897
0.017383      13.011138      21.071683      10.013168
0.017422      13.016650      21.071103      10.015439
0.017461      13.022157      21.070528      10.017710
0.017500      13.027660      21.069959      10.019982
0.017539      13.033158      21.069395      10.022253
0.017578      13.038652      21.068836      10.024524
0.017617      13.044142      21.068283      10.026796
0.017656      13.049628      21.067735      10.029068
0.017695      13.055109      21.067192      10.031339
0.017734      13.060586      21.066655      10.033611
0.017773      13.066059      21.066123      10.035883
0.017812      13.071527      21.065597      10.038154
0.017852      13.076992      21.065076      10.040426
0.017891      13.082452      21.064560      10.042698
0.017930      13.087907      21.064049      10.044970
0.017969      13.093359      21.063544      10.047242
0.018008      13.098806      21.063043      10.049515
0.018047      13.104249      21.062549      10.051787
0.018086      13.109688      21.062059      10.054059
0.018125      13.115123      21.061575      10.056331
0.018164      13.120553      21.061096      10.058604
0.018203      13.125980      21.060622      10.060876
0.018242      13.131402      21.060153      10.063149
0.018281      13.136820      21.059690      10.065422
0.018320      13.142234      21.059232      10.067694
0.018359      13.147643      21.058779      10.069967
0.018398      13.153049      21.058331      10.072240
0.018437      13.158450      21.057889      10.074513
0.018477      13.163847      21.057452      10.076786
0.018516      13.169240      21.057020      10.079059
0.018555      13.174629      21.056593      10.081332
0.018594      13.180014      21.056171      10.083605
0.018633      13.185395      21.055754      10.085879
0.018672      13.190772      21.055343      10.088152
0.018711      13.196144      21.054937      10.090426
0.018750      13.201513      21.054535      10.092699
0.018789      13.206877      21.054139      10.094973
0.018828      13.212237      21.053749      10.097246
0.018867      13.217594      21.053363      10.099520
0.018906      13.222946      21.052982      10.101794
0.018945      13.228294      21.052607      10.104068
0.018984      13.233638      21.052236      10.106342
0.019023      13.238978      21.051871      10.108616
0.019062      13.244314      21.051511      10.110890
0.019102      13.249646      21.051155      10.113165
0.019141      13.254974      21.050805      10.115439
0.019180      13.260298      21.050460      10.117713
0.019219      13.265618      21.050120      10.119988
0.019258      13.270934      21.049785      10.122262
0.019297      13.276246      21.049455      10.124537
0.019336      13.281554      21.049130      10.126812
0.019375      13.286858      21.048811      10.129087
0.019414      13.292158      21.048496      10.131362
0.019453      13.297454      21.048186      10.133637
0.019492      13.302746      21.047881      10.135912
0.019531      13.308034      21.047581      10.138187
0.019609      13.318603      21.046992      10.142738
0.019687      13.329155      21.046422      10.147288
0.019766      13.339692      21.045872      10.151840
0.019844      13.350214      21.045342      10.156391
0.019922      13.360719      21.044832      10.160943
0.020000      13.371210      21.044341      10.165496
0.020078      13.381684      21.043870      10.170048
0.020156      13.392144      21.043419      10.174601
0.020234      13.402588      21.042987      10.179155
0.020312      13.413016      21.042575      10.183709
0.020391      13.423429      21.042182      10.188263
0.020469      13.433828      21.041809      10.192817
0.020547      13.444211      21.041455      10.197372
0.020625      13.454578      21.041120      10.201928
0.020703      13.464931      21.040805      10.206484
0.020781      13.475269      21.040508      10.211040
0.020859      13.485592      21.040231      10.215596
0.020937      13.495900      21.039973      10.220153
0.021016      13.506193      21.039734      10.224711
0.021094      13.516471      21.039513      10.229268
0.021172      13.526735      21.039312      10.233827
0.021250      13.536983      21.039130      10.238385
0.021328      13.547217      21.038966      10.242944
0.021406      13.557437      21.038821      10.247504
0.021484      13.567642      21.038695      10.252064
0.021562      13.577833      21.038587      10.256624
0.021641      13.588009      21.038498      10.261185
0.021719      13.598170      21.038428      10.265746
0.021797      13.608317      21.038376      10.270308
0.021875      13.618450      21.038342      10.274870
0.021953      13.628569      21.038327      10.279433
0.022031      13.638674      21.038330      10.283996
0.022109      13.648764      21.038352      10.288559
0.022187      13.658840      21.038391      10.293123
0.022266      13.668903      21.038449      10.297688
0.022344      13.678951      21.038525      10.302252
0.022422      13.688985      21.038619      10.306818
0.022500      13.699005      21.038731      10.311384
0.022578      13.709012      21.038861      10.315950
0.022656      13.719004      21.039009      10.320517
0.022734      13.728983      21.039175      10.325084
0.022812      13.738948      21.039359      10.329652
0.022891      13.748900      21.039560      10.334220
0.022969      13.758838      21.039779      10.338789
0.023047      13.768762      21.040016      10.343358
0.023125      13.778673      21.040271      10.347928
0.023203      13.788570      21.040543      10.352498
0.023281      13.798454      21.040833      10.357069
0.023359      13.808324      21.041140      10.361640
0.023437      13.818182      21.041464      10.366212
0.023516      13.828025      21.041806      10.370784
0.023594      13.837856      21.042166      10.375357
0.023672      13.847673      21.042542      10.379931
0.023750      13.857478      21.042936      10.384505
0.023828      13.867269      21.043347      10.389079
0.023906      13.877047      21.043775      10.393654
0.023984      13.886812      21.044220      10.398229
0.024062      13.896564      21.044683      10.402805
0.024141      13.906303      21.045162      10.407382
0.024219      13.916029      21.045658      10.411959
0.024297      13.925742      21.046172      10.416537
0.024375      13.935443      21.046702      10.421115
0.024453      13.945131      21.047248      10.425694
0.024531      13.954806      21.047812      10.430273
0.024609      13.964468      21.048393      10.434853
0.024687      13.974118      21.048990      10.439434
0.024766      13.983755      21.049603      10.444015
0.024844      13.993380      21.050234      10.448596
0.024922      14.002992      21.050881      10.453178
0.025000      14.012592      21.051544      10.457761
0.025078      14.022180      21.052224      10.462345
0.025156      14.031755      21.052920      10.466929
0.025234      14.041318      21.053633      10.471513
0.025312      14.050868      21.054361      10.476098
0.025391      14.060406      21.055107      10.480684
0.025469      14.069932      21.055868      10.485270
0.025547      14.079446      21.056646      10.489857
0.025625      14.088948      21.057439      10.494445
0.025703      14.098438      21.058249      10.499033
0.025781      14.107916      21.059075      10.503621
0.025859      14.117382      21.059917      10.508211
0.025937      14.126836      21.060775      10.512801
0.026016      14.136278      21.061649      10.517391
0.026094      14.145708      21.062538      10.521982
0.026172      14.155126      21.063444      10.526574
0.026250      14.164533      21.064365      10.531167
0.026328      14.173928      21.065302      10.535760
0.026406      14.183311      21.066255      10.540353
0.026484      14.192683      21.067223      10.544948
0.026562      14.202043      21.068207      10.549543
0.026641      14.211391      21.069207      10.554138
0.026719      14.220728      21.070222      10.558734
0.026797      14.230054      21.071253      10.563331
0.026875      14.239368      21.072299      10.567929
0.026953      14.248670      21.073360      10.572527
0.027031      14.257962      21.074437      10.577126
0.027109      14.267242      21.075529      10.581725
0.027187      14.276511      21.076637      10.586326
0.027266      14.285768      21.077760      10.590926
0.027344      14.295014      21.078898      10.595528
0.027422      14.304250      21.080051      10.600130
0.027500      14.313474      21.081219      10.604733
0.027578      14.322687      21.082402      10.609336
0.027656      14.331889      21.083600      10.613941
0.027734      14.341080      21.084814      10.618545
0.027812      14.350260      21.086042      10.623151
0.027891      14.359429      21.087285      10.627757
0.027969      14.368587      21.088543      10.632364
0.028047      14.377735      21.089816      10.636972
0.028125      14.386872      21.091104      10.641580
0.028203      14.395997      21.092406      10.646189
0.028281      14.405113      21.093723      10.650799
0.028359      14.414217      21.095055      10.655409
0.028437      14.423311      21.096402      10.660020
0.028516      14.432394      21.097763      10.664632
0.028594      14.441467      21.099138      10.669245
0.028672      14.450529      21.100528      10.673858
0.028750      14.459581      21.101933      10.678472
0.028828      14.468622      21.103352      10.683087
0.028906      14.477653      21.104785      10.687702
0.028984      14.486674      21.106233      10.692318
0.029062      14.495684      21.107695      10.696935
0.029141      14.504684      21.109172      10.701553
0.029219      14.513673      21.110662      10.706171
0.029297      14.522653      21.112167      10.710790
0.029375      14.531622      21.113686      10.715410
0.029453      14.540581      21.115219      10.720030
0.029531      14.549530      21.116767      10.724652
0.029609      14.558469      21.118328      10.729274
0.029687      14.567397      21.119903      10.733896
0.029766      14.576316      21.121493      10.738520
0.029844      14.585225      21.123096      10.743144
0.029922      14.594124      21.124713      10.747769
0.030000      14.603013      21.126344      10.752395
0.030078      14.611892      21.127989      10.757022
0.030156      14.620762      21.129647      10.761649
0.030234      14.629621      21.131320      10.766277
0.030312      14.638471      21.133006      10.770906
0.030391      14.647311      21.134706      10.775535
0.030469      14.656141      21.136419      10.780166
0.030547      14.664962      21.138146      10.784797
0.030625      14.673773      21.139887      10.789429
0.030703      14.682575      21.141641      10.794062
0.030781      14.691367      21.143409      10.798695
0.030859      14.700149      21.145190      10.803330
0.030937      14.708922      21.146984      10.807965
0.031016      14.717686      21.148792      10.812601
0.031094      14.726440      21.150614      10.817237
0.031172      14.735185      21.152448      10.821875
0.031250      14.743920      21.154296      10.826513
0.031328      14.752647      21.156157      10.831152
0.031406      14.761364      21.158032      10.835792
0.031484      14.770071      21.159919      10.840433
0.031562      14.778770      21.161820      10.845074
0.031641      14.787459      21.163734      10.849717
0.031719      14.796139      21.165661      10.854360
0.031797      14.804811      21.167601      10.859004
0.031875      14.813473      21.169554      10.863648
0.031953      14.822126      21.171520      10.868294
0.032031      14.830770      21.173499      10.872940
0.032109      14.839405      21.175491      10.877588
0.032187      14.848031      21.177495      10.882236
0.032266      14.856648      21.179513      10.886885
0.032344      14.865257      21.181543      10.891534
0.032422      14.873856      21.183586      10.896185
0.032500      14.882447      21.185642      10.900836
0.032578      14.891029      21.187711      10.905489
0.032656      14.899602      21.189792      10.910142
0.032734      14.908167      21.191886      10.914796
0.032812      14.916723      21.193992      10.919451
0.032891      14.925270      21.196111      10.924106
0.032969      14.933809      21.198243      10.928763
0.033047      14.942339      21.200387      10.933420
0.033125      14.950860      21.202543      10.938078
0.033203      14.959373      21.204712      10.942737
0.033281      14.967878      21.206893      10.947397
0.033359      14.976374      21.209087      10.952058
0.033437      14.984862      21.211293      10.956720
0.033516      14.993341      21.213512      10.961382
0.033594      15.001812      21.215742      10.966046
0.033672      15.010275      21.217985      10.970710
0.033750      15.018729      21.220240      10.975375
0.033828      15.027175      21.222508      10.980041
0.033906      15.035613      21.224787      10.984708
0.033984      15.044043      21.227079      10.989376
0.034062      15.052464      21.229382      10.994045
0.034141      15.060878      21.231698      10.998714
0.034219      15.069283      21.234026      11.003385
0.034297      15.077680      21.236365      11.008056
0.034375      15.086069      21.238717      11.012728
0.034453      15.094451      21.241081      11.017402
0.034531      15.102824      21.243456      11.022076
0.034609      15.111189      21.245844      11.026751
0.034687      15.119546      21.248243      11.031426
0.034766      15.127896      21.250654      11.036103
0.034844      15.136238      21.253077      11.040781
0.034922      15.144571      21.255511      11.045460
0.035000      15.152897      21.257958      11.050139
0.035078      15.161215      21.260415      11.054820
0.035156      15.169526      21.262885      11.059501
0.035234      15.177829      21.265366      11.064183
0.035312      15.186124      21.267859      11.068866
0.035391      15.194411      21.270363      11.073550
0.035469      15.202691      21.272879      11.078235
0.035547      15.210963      21.275407      11.082921
0.035625      15.219228      21.277946      11.087608
0.035703      15.227485      21.280496      11.092296
0.035781      15.235734      21.283058      11.096985
0.035859      15.243976      21.285631      11.101675
0.035937      15.252211      21.288215      11.106365
0.036016      15.260438      21.290811      11.111057
0.036094      15.268658      21.293418      11.115749
0.036172      15.276870      21.296037      11.120443
0.036250      15.285076      21.298666      11.125137
0.036328      15.293273      21.301307      11.129833
0.036406      15.301464      21.303959      11.134529
0.036484      15.309647      21.306622      11.139226
0.036562      15.317823      21.309297      11.143925
0.036641      15.325992      21.311982      11.148624
0.036719      15.334154      21.314679      11.153324
0.036797      15.342308      21.317386      11.158025
0.036875      15.350456      21.320105      11.162727
0.036953      15.358596      21.322834      11.167430
0.037031      15.366729      21.325574      11.172134
0.037109      15.374856      21.328326      11.176839
0.037187      15.382975      21.331088      11.181545
0.037266      15.391087      21.333861      11.186252
0.037344      15.399192      21.336645      11.190960
0.037422      15.407291      21.339440      11.195669
0.037500      15.415382      21.342246      11.200379
0.037578      15.423467      21.345062      11.205090
0.037656      15.431545      21.347889      11.209802
0.037734      15.439616      21.350727      11.214515
0.037812      15.447680      21.353576      11.219229
0.037891      15.455737      21.356435      11.223943
0.037969      15.463788      21.359304      11.228659
0.038047      15.471832      21.362185      11.233376
0.038125      15.479869      21.365076      11.238094
0.038203      15.487900      21.367977      11.242813
0.038281      15.495924      21.370889      11.247533
0.038359      15.503941      21.373812      11.252253
0.038437      15.511952      21.376745      11.256975
0.038516      15.519956      21.379688      11.261698
0.038594      15.527954      21.382642      11.266422
0.038672      15.535945      21.385606      11.271147
0.038750      15.543930      21.388581      11.275873
0.038828      15.551908      21.391566      11.280600
0.038906      15.559880      21.394561      11.285328
0.038984      15.567846      21.397566      11.290057
0.039062      15.575805      21.400582      11.294786
0.039141      15.583757      21.403608      11.299517
0.039219      15.591704      21.406644      11.304250
0.039297      15.599644      21.409691      11.308983
0.039375      15.607578      21.412747      11.313717
0.039453      15.615506      21.415814      11.318452
0.039531      15.623427      21.418891      11.323188
0.039609      15.631342      21.421977      11.327925
0.039687      15.639251      21.425074      11.332663
0.039766      15.647154      21.428181      11.337403
0.039844      15.655051      21.431298      11.342143
0.039922      15.662941      21.434425      11.346884
0.040000      15.670826      21.437562      11.351627
0.040078      15.678704      21.440709      11.356370
0.040156      15.686577      21.443865      11.361115
0.040234      15.694443      21.447032      11.365860
0.040312      15.702304      21.450208      11.370607
0.040391      15.710159      21.453395      11.375355
0.040469      15.718007      21.456591      11.380103
0.040547      15.725850      21.459796      11.384853
0.040625      15.733687      21.463012      11.389604
0.040703      15.741518      21.466237      11.394356
0.040781      15.749343      21.469472      11.399109
0.040859      15.757162      21.472717      11.403863
0.040937      15.764976      21.475972      11.408618
0.041016      15.772783      21.479236      11.413374
0.041094      15.780586      21.482509      11.418131
0.041172      15.788382      21.485792      11.422890
0.041250      15.796172      21.489085      11.427649
0.041328      15.803957      21.492388      11.432410
0.041406      15.811737      21.495699      11.437171
0.041484      15.819510      21.499021      11.441934
0.041562      15.827279      21.502352      11.446698
0.041641      15.835041      21.505692      11.451462
0.041719      15.842798      21.509042      11.456228
0.041797      15.850549      21.512401      11.460995
0.041875      15.858295      21.515769      11.465763
0.041953      15.866036      21.519147      11.470533
0.042031      15.873771      21.522534      11.475303
0.042109      15.881500      21.525931      11.480074
0.042187      15.889224      21.529336      11.484847
0.042266      15.896943      21.532751      11.489620
0.042344      15.904656      21.536176      11.494395
0.042422      15.912364      21.539609      11.499171
0.042500      15.920067      21.543052      11.503948
0.042578      15.927764      21.546504      11.508726
0.042656      15.935456      21.549965      11.513505
0.042734      15.943143      21.553435      11.518285
0.042812      15.950825      21.556914      11.523066
0.042891      15.958501      21.560403      11.527849
0.042969      15.966172      21.563900      11.532632
0.043047      15.973838      21.567407      11.537417
0.043125      15.981499      21.570922      11.542203
0.043203      15.989155      21.574446      11.546990
0.043281      15.996805      21.577980      11.551778
0.043359      16.004451      21.581522      11.556567
0.043437      16.012091      21.585074      11.561357
0.043516      16.019726      21.588634      11.566149
0.043594      16.027357      21.592203      11.570941
0.043672      16.034982      21.595781      11.575735
0.043750      16.042602      21.599368      11.580530
0.043828      16.050218      21.602964      11.585326
0.043906      16.057828      21.606568      11.590123
0.043984      16.065434      21.610181      11.594921
0.044062      16.073034      21.613804      11.599720
0.044141      16.080630      21.617434      11.604521
0.044219      16.088221      21.621074      11.609322
0.044297      16.095807      21.624722      11.614125
0.044375      16.103388      21.628379      11.618929
0.044453      16.110965      21.632045      11.623734
0.044531      16.118536      21.635719      11.628541
0.044609      16.126103      21.639402      11.633348
0.044687      16.133665      21.643093      11.638157
0.044766      16.141223      21.646793      11.642966
0.044844      16.148776      21.650501      11.647777
0.044922      16.156324      21.654219      11.652589
0.045000      16.163867      21.657944      11.657403
0.045078      16.171406      21.661678      11.662217
0.045156      16.178940      21.665421      11.667032
0.045234      16.186470      21.669172      11.671849
0.045312      16.193995      21.672931      11.676667
0.045391      16.201515      21.676699      11.681486
0.045469      16.209031      21.680475      11.686306
0.045547      16.216542      21.684260      11.691128
0.045625      16.224049      21.688053      11.695950
0.045703      16.231552      21.691854      11.700774
0.045781      16.239050      21.695664      11.705599
0.045859      16.246543      21.699482      11.710425
0.045937      16.254033      21.703308      11.715252
0.046016      16.261517      21.707143      11.720081
0.046094      16.268998      21.710985      11.724910
0.046172      16.276474      21.714836      11.729741
0.046250      16.283945      21.718695      11.734573
0.046328      16.291413      21.722563      11.739406
0.046406      16.298876      21.726438      11.744241
0.046484      16.306335      21.730322      11.749076
0.046562      16.313789      21.734213      11.753913
0.046641      16.321239      21.738113      11.758751
0.046719      16.328685      21.742021      11.763590
0.046797      16.336127      21.745937      11.768431
0.046875      16.343565      21.749861      11.773272
0.046953      16.350998      21.753793      11.778115
0.047031      16.358428      21.757733      11.782959
0.047109      16.365853      21.761681      11.787804
0.047187      16.373274      21.765637      11.792651
0.047266      16.380691      21.769601      11.797498
0.047344      16.388104      21.773573      11.802347
0.047422      16.395513      21.777553      11.807197
0.047500      16.402918      21.781541      11.812048
0.047578      16.410318      21.785537      11.816901
0.047656      16.417715      21.789540      11.821755
0.047734      16.425108      21.793551      11.826609
0.047812      16.432497      21.797571      11.831466
0.047891      16.439882      21.801598      11.836323
0.047969      16.447263      21.805632      11.841182
0.048047      16.454640      21.809675      11.846041
0.048125      16.462013      21.813725      11.850902
0.048203      16.469382      21.817783      11.855765
0.048281      16.476748      21.821849      11.860628
0.048359      16.484110      21.825922      11.865493
0.048437      16.491467      21.830003      11.870359
0.048516      16.498821      21.834092      11.875226
0.048594      16.506172      21.838189      11.880094
0.048672      16.513518      21.842293      11.884964
0.048750      16.520861      21.846404      11.889835
0.048828      16.528200      21.850524      11.894707
0.048906      16.535535      21.854651      11.899580
0.048984      16.542866      21.858785      11.904455
0.049062      16.550194      21.862927      11.909331
0.049141      16.557518      21.867076      11.914208
0.049219      16.564839      21.871233      11.919086
0.049297      16.572156      21.875398      11.923966
0.049375      16.579469      21.879570      11.928847
0.049453      16.586779      21.883749      11.933729
0.049531      16.594085      21.887936      11.938612
0.049609      16.601387      21.892131      11.943497
0.049687      16.608686      21.896332      11.948383
0.049766      16.615982      21.900541      11.953270
0.049844      16.623274      21.904758      11.958158
0.049922      16.630562      21.908982      11.963048
0.050000      16.637847      21.913213      11.967939
0.050078      16.645129      21.917451      11.972831
0.050156      16.652407      21.921697      11.977724
0.050234      16.659682      21.925950      11.982619
0.050312      16.666953      21.930211      11.987515
0.050391      16.674221      21.934478      11.992412
0.050469      16.681485      21.938753      11.997311
0.050547      16.688746      21.943035      12.002210
0.050625      16.696004      21.947325      12.007111
0.050703      16.703258      21.951621      12.012014
0.050781      16.710509      21.955925      12.016917
0.050859      16.717757      21.960236      12.021822
0.050937      16.725002      21.964554      12.026728
0.051016      16.732243      21.968879      12.031636
0.051094      16.739481      21.973211      12.036545
0.051172      16.746716      21.977550      12.041455
0.051250      16.753947      21.981897      12.046366
0.051328      16.761176      21.986250      12.051279
0.051406      16.768401      21.990611      12.056192
0.051484      16.775623      21.994979      12.061108
0.051562      16.782841      21.999353      12.066024
0.051641      16.790057      22.003735      12.070942
0.051719      16.797270      22.008123      12.075861
0.051797      16.804479      22.012519      12.080781
0.051875      16.811686      22.016922      12.085703
0.051953      16.818889      22.021331      12.090626
0.052031      16.826089      22.025747      12.095550
0.052109      16.833286      22.030171      12.100476
0.052187      16.840480      22.034601      12.105402
0.052266      16.847671      22.039038      12.110331
0.052344      16.854860      22.043482      12.115260
0.052422      16.862045      22.047933      12.120191
0.052500      16.869227      22.052391      12.125123
0.052578      16.876406      22.056855      12.130056
0.052656      16.883582      22.061327      12.134991
0.052734      16.890756      22.065805      12.139927
0.052812      16.897926      22.070290      12.144864
0.052891      16.905094      22.074781      12.149803
0.052969      16.912258      22.079280      12.154743
0.053047      16.919420      22.083785      12.159684
0.053125      16.926579      22.088297      12.164627
0.053203      16.933735      22.092815      12.169571
0.053281      16.940888      22.097341      12.174516
0.053359      16.948039      22.101873      12.179462
0.053437      16.955186      22.106411      12.184410
0.053516      16.962331      22.110957      12.189360
0.053594      16.969473      22.115509      12.194310
0.053672      16.976613      22.120067      12.199262
0.053750      16.983749      22.124632      12.204215
0.053828      16.990883      22.129204      12.209170
0.053906      16.998015      22.133782      12.214126
0.053984      17.005143      22.138367      12.219083
0.054062      17.012269      22.142959      12.224041
0.054141      17.019392      22.147557      12.229001
0.054219      17.026513      22.152161      12.233962
0.054297      17.033631      22.156772      12.238925
0.054375      17.040746      22.161390      12.243889
0.054453      17.047859      22.166013      12.248854
0.054531      17.054969      22.170644      12.253821
0.054609      17.062076      22.175281      12.258788
0.054687      17.069181      22.179924      12.263758
0.054766      17.076283      22.184574      12.268728
0.054844      17.083383      22.189230      12.273700
0.054922      17.090481      22.193893      12.278674
0.055000      17.097575      22.198562      12.283648
0.055078      17.104668      22.203237      12.288624
0.055156      17.111758      22.207919      12.293602
0.055234      17.118845      22.212607      12.298580
0.055312      17.125930      22.217301      12.303560
0.055391      17.133012      22.222002      12.308542
0.055469      17.140092      22.226709      12.313525
0.055547      17.147170      22.231422      12.318509
0.055625      17.154245      22.236142      12.323494
0.055703      17.161318      22.240868      12.328481
0.055781      17.168389      22.245600      12.333470
0.055859      17.175457      22.250338      12.338459
0.055937      17.182523      22.255083      12.343450
0.056016      17.189586      22.259833      12.348443
0.056094      17.196647      22.264590      12.353436
0.056172      17.203706      22.269354      12.358431
0.056250      17.210762      22.274123      12.363428
0.056328      17.217817      22.278898      12.368426
0.056406      17.224869      22.283680      12.373425
0.056484      17.231918      22.288468      12.378426
0.056562      17.238966      22.293262      12.383427
0.056641      17.246011      22.298062      12.388431
0.056719      17.253054      22.302868      12.393436
0.056797      17.260095      22.307680      12.398442
0.056875      17.267133      22.312499      12.403449
0.056953      17.274170      22.317323      12.408458
0.057031      17.281204      22.322153      12.413468
0.057109      17.288236      22.326990      12.418480
0.057187      17.295266      22.331832      12.423493
0.057266      17.302294      22.336681      12.428507
0.057344      17.309320      22.341535      12.433523
0.057422      17.316344      22.346396      12.438540
0.057500      17.323365      22.351262      12.443559
0.057578      17.330385      22.356135      12.448579
0.057656      17.337402      22.361013      12.453600
0.057734      17.344417      22.365898      12.458623
0.057812      17.351431      22.370788      12.463647
0.057891      17.358442      22.375684      12.468673
0.057969      17.365451      22.380586      12.473700
0.058047      17.372459      22.385494      12.478728
0.058125      17.379464      22.390408      12.483758
0.058203      17.386467      22.395328      12.488789
0.058281      17.393469      22.400253      12.493822
0.058359      17.400468      22.405185      12.498856
0.058437      17.407466      22.410122      12.503891
0.058516      17.414461      22.415065      12.508928
0.058594      17.421455      22.420014      12.513966
0.058672      17.428446      22.424969      12.519006
0.058750      17.435436      22.429929      12.524047
0.058828      17.442424      22.434896      12.529090
0.058906      17.449410      22.439868      12.534134
0.058984      17.456394      22.444845      12.539179
0.059062      17.463377      22.449829      12.544226
0.059141      17.470357      22.454818      12.549274
0.059219      17.477336      22.459813      12.554323
0.059297      17.484313      22.464814      12.559374
0.059375      17.491288      22.469820      12.564427
0.059453      17.498261      22.474832      12.569480
0.059531      17.505233      22.479850      12.574536
0.059609      17.512203      22.484874      12.579592
0.059687      17.519171      22.489903      12.584650
0.059766      17.526137      22.494937      12.589710
0.059844      17.533102      22.499978      12.594771
0.059922      17.540064      22.505024      12.599833
0.060000      17.547026      22.510075      12.604897
0.060078      17.553985      22.515133      12.609962
0.060156      17.560943      22.520195      12.615029
0.060234      17.567899      22.525264      12.620097
0.060312      17.574853      22.530338      12.625167
0.060391      17.581806      22.535417      12.630238
0.060469      17.588757      22.540502      12.635310
0.060547      17.595707      22.545593      12.640384
0.060625      17.602655      22.550689      12.645459
0.060703      17.609601      22.555790      12.650536
0.060781      17.616546      22.560897      12.655614
0.060859      17.623489      22.566010      12.660694
0.060937      17.630430      22.571128      12.665775
0.061016      17.637370      22.576251      12.670858
0.061094      17.644309      22.581380      12.675942
0.061172      17.651246      22.586515      12.681027
0.061250      17.658181      22.591655      12.686114
0.061328      17.665115      22.596800      12.691202
0.061406      17.672047      22.601951      12.696292
0.061484      17.678978      22.607107      12.701383
0.061562      17.685907      22.612268      12.706476
0.061641      17.692835      22.617435      12.711570
0.061719      17.699762      22.622608      12.716666
0.061797      17.706687      22.627785      12.721763
0.061875      17.713610      22.632968      12.726861
0.061953      17.720532      22.638157      12.731961
0.062031      17.727453      22.643350      12.737063
0.062109      17.734372      22.648549      12.742166
0.062187      17.741290      22.653754      12.747270
0.062266      17.748206      22.658963      12.752376
0.062344      17.755122      22.664178      12.757483
0.062422      17.762035      22.669399      12.762592
0.062500      17.768948      22.674624      12.767702
0.062578      17.775859      22.679855      12.772814
0.062656      17.782768      22.685091      12.777927
0.062734      17.789677      22.690332      12.783042
0.062812      17.796584      22.695579      12.788158
0.062891      17.803489      22.700831      12.793276
0.062969      17.810394      22.706088      12.798395
0.063047      17.817297      22.711350      12.803515
0.063125      17.824199      22.716617      12.808637
0.063203      17.831100      22.721890      12.813761
0.063281      17.837999      22.727167      12.818886
0.063359      17.844897      22.732450      12.824012
0.063437      17.851794      22.737739      12.829140
0.063516      17.858690      22.743032      12.834270
0.063594      17.865584      22.748330      12.839401
0.063672      17.872477      22.753634      12.844533
0.063750      17.879369      22.758942      12.849667
0.063828      17.886260      22.764256      12.854802
0.063906      17.893150      22.769575      12.859939
0.063984      17.900038      22.774899      12.865077
0.064062      17.906926      22.780228      12.870217
0.064141      17.913812      22.785562      12.875359
0.064219      17.920697      22.790901      12.880501
0.064297      17.927581      22.796246      12.885646
0.064375      17.934464      22.801595      12.890792
0.064453      17.941345      22.806949      12.895939
0.064531      17.948226      22.812309      12.901088
0.064609      17.955106      22.817673      12.906238
0.064687      17.961984      22.823042      12.911390
0.064766      17.968861      22.828417      12.916543
0.064844      17.975738      22.833796      12.921698
0.065000      17.989488      22.844565      12.932011
0.065156      18.003235      22.855354      12.942329
0.065312      18.016977      22.866162      12.952654
0.065469      18.030715      22.876991      12.962985
0.065625      18.044450      22.887839      12.973321
0.065781      18.058180      22.898706      12.983664
0.065937      18.071907      22.909594      12.994013
0.066094      18.085630      22.920500      13.004368
0.066250      18.099349      22.931427      13.014729
0.066406      18.113065      22.942372      13.025096
0.066562      18.126777      22.953337      13.035469
0.066719      18.140486      22.964321      13.045849
0.066875      18.154192      22.975324      13.056234
0.067031      18.167894      22.986347      13.066625
0.067187      18.181593      22.997388      13.077023
0.067344      18.195289      23.008448      13.087427
0.067500      18.208982      23.019528      13.097837
0.067656      18.222672      23.030626      13.108253
0.067812      18.236359      23.041743      13.118675
0.067969      18.250043      23.052878      13.129103
0.068125      18.263724      23.064032      13.139538
0.068281      18.277402      23.075205      13.149979
0.068437      18.291078      23.086397      13.160426
0.068594      18.304752      23.097606      13.170879
0.068750      18.318422      23.108835      13.181338
0.068906      18.332091      23.120081      13.191804
0.069062      18.345756      23.131346      13.202275
0.069219      18.359420      23.142629      13.212753
0.069375      18.373081      23.153930      13.223238
0.069531      18.386740      23.165250      13.233728
0.069687      18.400397      23.176587      13.244225
0.069844      18.414052      23.187942      13.254728
0.070000      18.427705      23.199316      13.265237
0.070156      18.441356      23.210707      13.275753
0.070312      18.455005      23.222116      13.286275
0.070469      18.468652      23.233542      13.296803
0.070625      18.482298      23.244987      13.307337
0.070781      18.495942      23.256449      13.317878
0.070937      18.509584      23.267929      13.328425
0.071094      18.523224      23.279426      13.338978
0.071250      18.536863      23.290941      13.349538
0.071406      18.550501      23.302473      13.360104
0.071562      18.564137      23.314022      13.370677
0.071719      18.577772      23.325589      13.381255
0.071875      18.591406      23.337173      13.391841
0.072031      18.605038      23.348774      13.402432
0.072187      18.618670      23.360393      13.413030
0.072344      18.632300      23.372028      13.423634
0.072500      18.645929      23.383681      13.434245
0.072656      18.659557      23.395351      13.444862
0.072812      18.673184      23.407037      13.455486
0.072969      18.686811      23.418741      13.466116
0.073125      18.700436      23.430461      13.476752
0.073281      18.714061      23.442198      13.487395
0.073437      18.727685      23.453952      13.498044
0.073594      18.741309      23.465723      13.508700
0.073750      18.754932      23.477510      13.519362
0.073906      18.768554      23.489314      13.530030
0.074062      18.782176      23.501134      13.540706
0.074219      18.795798      23.512971      13.551387
0.074375      18.809419      23.524824      13.562075
0.074531      18.823040      23.536694      13.572770
0.074687      18.836660      23.548580      13.583471
0.074844      18.850281      23.560483      13.594178
0.075000      18.863901      23.572402      13.604892
0.075156      18.877521      23.584337      13.615613
0.075312      18.891141      23.596288      13.626340
0.075469      18.904761      23.608255      13.637074
0.075625      18.918382      23.620239      13.647814
0.075781      18.932002      23.632238      13.658561
0.075937      18.945622      23.644253      13.669314
0.076094      18.959243      23.656285      13.680074
0.076250      18.972864      23.668332      13.690840
0.076406      18.986485      23.680395      13.701614
0.076562      19.000107      23.692474      13.712393
0.076719      19.013729      23.704569      13.723179
0.076875      19.027352      23.716680      13.733972
0.077031      19.040975      23.728806      13.744772
0.077187      19.054598      23.740948      13.755578
0.077344      19.068223      23.753105      13.766391
0.077500      19.081847      23.765278      13.777210
0.077656      19.095473      23.777467      13.788036
0.077812      19.109099      23.789671      13.798868
0.077969      19.122727      23.801891      13.809708
0.078125      19.136355      23.814126      13.820554
0.078281      19.149984      23.826376      13.831406
0.078437      19.163614      23.838641      13.842266
0.078594      19.177244      23.850922      13.853132
0.078750      19.190876      23.863219      13.864004
0.078906      19.204509      23.875530      13.874884
0.079062      19.218144      23.887857      13.885770
0.079219      19.231779      23.900198      13.896663
0.079375      19.245416      23.912555      13.907562
0.079531      19.259054      23.924927      13.918468
0.079687      19.272693      23.937314      13.929381
0.079844      19.286333      23.949716      13.940301
0.080000      19.299975      23.962132      13.951227
0.080156      19.313619      23.974564      13.962161
0.080312      19.327264      23.987011      13.973101
0.080469      19.340910      23.999472      13.984047
0.080625      19.354558      24.011948      13.995001
0.080781      19.368208      24.024439      14.005961
0.080937      19.381859      24.036945      14.016928
0.081094      19.395512      24.049465      14.027902
0.081250      19.409167      24.062001      14.038883
0.081406      19.422824      24.074550      14.049870
0.081562      19.436482      24.087115      14.060865
0.081719      19.450142      24.099693      14.071866
0.081875      19.463805      24.112287      14.082874
0.082031      19.477469      24.124895      14.093888
0.082187      19.491135      24.137517      14.104910
0.082344      19.504803      24.150154      14.115939
0.082500      19.518474      24.162805      14.126974
0.082656      19.532146      24.175470      14.138016
0.082812      19.545821      24.188150      14.149065
0.082969      19.559498      24.200844      14.160121
0.083125      19.573177      24.213552      14.171184
0.083281      19.586858      24.226275      14.182254
0.083437      19.600542      24.239011      14.193330
0.083594      19.614228      24.251762      14.204414
0.083750      19.627917      24.264527      14.215504
0.083906      19.641608      24.277306      14.226602
0.084062      19.655301      24.290100      14.237706
0.084219      19.668997      24.302907      14.248817
0.084375      19.682696      24.315728      14.259935
0.084531      19.696397      24.328563      14.271060
0.084687      19.710101      24.341412      14.282193
0.084844      19.723807      24.354275      14.293332
0.085000      19.737516      24.367152      14.304478
0.085156      19.751228      24.380043      14.315630
0.085312      19.764943      24.392948      14.326790
0.085469      19.778661      24.405866      14.337957
0.085625      19.792381      24.418798      14.349131
0.085781      19.806105      24.431744      14.360312
0.085937      19.819831      24.444704      14.371500
0.086094      19.833560      24.457677      14.382695
0.086250      19.847292      24.470664      14.393897
0.086406      19.861028      24.483665      14.405106
0.086562      19.874766      24.496679      14.416322
0.086719      19.888508      24.509707      14.427545
0.086875      19.902252      24.522749      14.438775
0.087031      19.916000      24.535803      14.450012
0.087187      19.929751      24.548872      14.461256
0.087344      19.943505      24.561954      14.472507
0.087500      19.957263      24.575049      14.483766
0.087656      19.971024      24.588158      14.495031
0.087812      19.984788      24.601280      14.506304
0.087969      19.998556      24.614415      14.517583
0.088125      20.012327      24.627564      14.528870
0.088281      20.026102      24.640726      14.540164
0.088437      20.039880      24.653902      14.551464
0.088594      20.053661      24.667090      14.562772
0.088750      20.067446      24.680292      14.574088
0.088906      20.081235      24.693508      14.585410
0.089062      20.095027      24.706736      14.596739
0.089219      20.108824      24.719977      14.608076
0.089375      20.122623      24.733232      14.619419
0.089531      20.136427      24.746500      14.630770
0.089687      20.150234      24.759781      14.642128
0.089844      20.164045      24.773075      14.653493
0.090000      20.177860      24.786382      14.664866
0.090156      20.191678      24.799702      14.676245
0.090312      20.205501      24.813035      14.687632
0.090469      20.219327      24.826381      14.699026
0.090625      20.233158      24.839740      14.710427
0.090781      20.246992      24.853112      14.721835
0.090937      20.260830      24.866497      14.733250
0.091094      20.274673      24.879894      14.744673
0.091250      20.288519      24.893305      14.756103
0.091406      20.302370      24.906729      14.767540
0.091562      20.316225      24.920165      14.778985
0.091719      20.330083      24.933614      14.790436
0.091875      20.343947      24.947076      14.801895
0.092031      20.357814      24.960551      14.813361
0.092187      20.371685      24.974038      14.824835
0.092344      20.385561      24.987538      14.836315
0.092500      20.399441      25.001051      14.847803
0.092656      20.413326      25.014576      14.859299
0.092812      20.427214      25.028115      14.870801
0.092969      20.441108      25.041665      14.882311
0.093125      20.455005      25.055229      14.893828
0.093281      20.468907      25.068805      14.905352
0.093437      20.482814      25.082394      14.916884
0.093594      20.496725      25.095995      14.928423
0.093750      20.510641      25.109609      14.939969
0.093906      20.524561      25.123235      14.951523
0.094062      20.538485      25.136874      14.963084
0.094219      20.552415      25.150525      14.974653
0.094375      20.566349      25.164189      14.986228
0.094531      20.580288      25.177865      14.997811
0.094687      20.594231      25.191554      15.009402
0.094844      20.608179      25.205255      15.021000
0.095000      20.622132      25.218968      15.032605
0.095156      20.636090      25.232694      15.044217
0.095312      20.650052      25.246432      15.055837
0.095469      20.664019      25.260183      15.067465
0.095625      20.677991      25.273946      15.079099
0.095781      20.691969      25.287721      15.090742
0.095937      20.705951      25.301508      15.102391
0.096094      20.719937      25.315308      15.114048
0.096250      20.733929      25.329120      15.125713
0.096406      20.747926      25.342944      15.137384
0.096562      20.761928      25.356781      15.149064
0.096719      20.775935      25.370629      15.160750
0.096875      20.789947      25.384490      15.172445
0.097031      20.803964      25.398363      15.184146
0.097187      20.817986      25.412249      15.195855
0.097344      20.832014      25.426146      15.207572
0.097500      20.846046      25.440056      15.219296
0.097656      20.860084      25.453977      15.231027
0.097812      20.874127      25.467911      15.242766
0.097969      20.888175      25.481857      15.254513
0.098125      20.902229      25.495815      15.266267
0.098281      20.916288      25.509784      15.278028
0.098437      20.930352      25.523766      15.289797
0.098594      20.944421      25.537760      15.301574
0.098750      20.958496      25.551766      15.313358
0.098906      20.972576      25.565784      15.325149
0.099062      20.986662      25.579814      15.336948
0.099219      21.000753      25.593856      15.348755
0.099375      21.014849      25.607910      15.360569
0.099531      21.028951      25.621976      15.372391
0.099687      21.043059      25.636054      15.384220
0.099844      21.057172      25.650144      15.396057
0.100000      21.071291      25.664245      15.407901
0.100156      21.085415      25.678359      15.419753
0.100312      21.099545      25.692484      15.431613
0.100469      21.113680      25.706621      15.443480
0.100625      21.127821      25.720770      15.455355
0.100781      21.141968      25.734931      15.467237
0.100937      21.156120      25.749104      15.479127
0.101094      21.170279      25.763288      15.491025
0.101250      21.184442      25.777484      15.502930
0.101406      21.198612      25.791692      15.514843
0.101562      21.212788      25.805912      15.526763
0.101719      21.226969      25.820144      15.538691
0.101875      21.241156      25.834387      15.550627
0.102031      21.255349      25.848642      15.562570
0.102187      21.269548      25.862909      15.574521
0.102344      21.283752      25.877187      15.586480
0.102500      21.297963      25.891478      15.598446
0.102656      21.312180      25.905779      15.610421
0.102812      21.326402      25.920093      15.622402
0.102969      21.340631      25.934418      15.634392
0.103125      21.354865      25.948755      15.646389
0.103281      21.369106      25.963103      15.658394
0.103437      21.383352      25.977463      15.670406
0.103594      21.397605      25.991835      15.682426
0.103750      21.411863      26.006218      15.694454
0.103906      21.426128      26.020613      15.706490
0.104062      21.440399      26.035020      15.718533
0.104219      21.454676      26.049438      15.730584
0.104375      21.468960      26.063867      15.742643
0.104531      21.483249      26.078309      15.754710
0.104687      21.497545      26.092761      15.766784
0.104844      21.511847      26.107225      15.778866
0.105000      21.526155      26.121701      15.790956
0.105156      21.540469      26.136188      15.803053
0.105312      21.554790      26.150687      15.815159
0.105469      21.569117      26.165197      15.827272
0.105625      21.583450      26.179719      15.839393
0.105781      21.597790      26.194252      15.851522
0.105937      21.612136      26.208797      15.863658
0.106094      21.626488      26.223353      15.875803
0.106250      21.640847      26.237921      15.887955
0.106406      21.655212      26.252500      15.900115
0.106562      21.669584      26.267090      15.912283
0.106719      21.683962      26.281692      15.924458
0.106875      21.698347      26.296305      15.936642
0.107031      21.712738      26.310930      15.948833
0.107187      21.727136      26.325566      15.961032
0.107344      21.741540      26.340213      15.973239
0.107500      21.755951      26.354872      15.985454
0.107656      21.770368      26.369542      15.997677
0.107812      21.784792      26.384223      16.009907
0.107969      21.799222      26.398916      16.022146
0.108125      21.813660      26.413620      16.034392
0.108281      21.828103      26.428336      16.046646
0.108437      21.842554      26.443062      16.058909
0.108594      21.857011      26.457801      16.071179
0.108750      21.871475      26.472550      16.083457
0.108906      21.885946      26.487311      16.095742
0.109062      21.900423      26.502083      16.108036
0.109219      21.914907      26.516866      16.120338
0.109375      21.929398      26.531660      16.132647
0.109531      21.943896      26.546466      16.144965
0.109687      21.958400      26.561283      16.157291
0.109844      21.972912      26.576112      16.169624
0.110000      21.987430      26.590951      16.181965
0.110156      22.001955      26.605802      16.194315
0.110312      22.016487      26.620664      16.206672
0.110469      22.031026      26.635537      16.219037
0.110625      22.045571      26.650422      16.231411
0.110781      22.060124      26.665317      16.243792
0.110937      22.074684      26.680224      16.256181
0.111094      22.089250      26.695142      16.268578
0.111250      22.103824      26.710072      16.280984
0.111406      22.118405      26.725012      16.293397
0.111562      22.132992      26.739964      16.305818
0.111719      22.147587      26.754926      16.318247
0.111875      22.162189      26.769900      16.330685
0.112031      22.176798      26.784885      16.343130
0.112187      22.191413      26.799882      16.355583
0.112344      22.206036      26.814889      16.368045
0.112500      22.220667      26.829908      16.380514
0.112656      22.235304      26.844937      16.392992
0.112812      22.249948      26.859978      16.405477
0.112969      22.264600      26.875030      16.417971
0.113125      22.279259      26.890093      16.430472
0.113281      22.293925      26.905167      16.442982
0.113437      22.308598      26.920253      16.455500
0.113594      22.323278      26.935349      16.468026
0.113750      22.337966      26.950456      16.480560
0.113906      22.352661      26.965575      16.493102
0.114062      22.367363      26.980705      16.505652
0.114219      22.382072      26.995845      16.518211
0.114375      22.396789      27.010997      16.530777
0.114531      22.411513      27.026160      16.543352
0.114687      22.426245      27.041334      16.555935
0.114844      22.440984      27.056519      16.568525
0.115000      22.455730      27.071715      16.581124
0.115156      22.470484      27.086922      16.593732
0.115312      22.485245      27.102140      16.606347
0.115469      22.500013      27.117369      16.618970
0.115625      22.514789      27.132609      16.631602
0.115781      22.529572      27.147861      16.644242
0.115937      22.544363      27.163123      16.656890
0.116094      22.559161      27.178396      16.669546
0.116250      22.573967      27.193680      16.682210
0.116406      22.588781      27.208976      16.694883
0.116562      22.603601      27.224282      16.707564
0.116719      22.618430      27.239599      16.720253
0.116875      22.633266      27.254928      16.732950
0.117031      22.648109      27.270267      16.745655
0.117187      22.662960      27.285617      16.758369
0.117344      22.677819      27.300979      16.771091
0.117500      22.692685      27.316351      16.783821
0.117656      22.707559      27.331734      16.796559
0.117812      22.722441      27.347128      16.809306
0.117969      22.737330      27.362534      16.822060
0.118125      22.752227      27.377950      16.834823
0.118281      22.767132      27.393377      16.847595
0.118437      22.782044      27.408815      16.860374
0.118594      22.796964      27.424264      16.873162
0.118750      22.811892      27.439724      16.885958
0.118906      22.826827      27.455195      16.898763
0.119062      22.841771      27.470677      16.911576
0.119219      22.856722      27.486170      16.924397
0.119375      22.871681      27.501674      16.937226
0.119531      22.886647      27.517189      16.950064
0.119687      22.901622      27.532714      16.962910
0.119844      22.916604      27.548251      16.975764
0.120000      22.931594      27.563799      16.988627
0.120156      22.946592      27.579357      17.001498
0.120312      22.961598      27.594927      17.014377
0.120469      22.976612      27.610507      17.027265
0.120625      22.991633      27.626098      17.040161
0.120781      23.006663      27.641701      17.053065
0.120937      23.021700      27.657314      17.065978
0.121094      23.036746      27.672938      17.078899
0.121250      23.051799      27.688573      17.091828
0.121406      23.066861      27.704219      17.104766
0.121562      23.081930      27.719876      17.117713
0.121719      23.097007      27.735543      17.130667
0.121875      23.112093      27.751222      17.143630
0.122031      23.127186      27.766911      17.156602
0.122187      23.142287      27.782612      17.169582
0.122344      23.157397      27.798323      17.182570
0.122500      23.172514      27.814045      17.195567
0.122656      23.187640      27.829778      17.208572
0.122812      23.202773      27.845522      17.221586
0.122969      23.217915      27.861277      17.234608
0.123125      23.233065      27.877043      17.247638
0.123281      23.248223      27.892820      17.260677
0.123437      23.263389      27.908607      17.273724
0.123594      23.278563      27.924406      17.286780
0.123750      23.293746      27.940215      17.299845
0.123906      23.308936      27.956035      17.312917
0.124062      23.324135      27.971866      17.325999
0.124219      23.339342      27.987708      17.339089
0.124375      23.354557      28.003561      17.352187
0.124531      23.369781      28.019425      17.365294
0.124687      23.385013      28.035300      17.378409
0.124844      23.400252      28.051185      17.391533
0.125000      23.415501      28.067081      17.404665
0.125156      23.430757      28.082989      17.417806
0.125312      23.446022      28.098907      17.430955
0.125469      23.461295      28.114836      17.444113
0.125625      23.476576      28.130775      17.457280
0.125781      23.491866      28.146726      17.470455
0.125937      23.507164      28.162688      17.483638
0.126094      23.522470      28.178660      17.496830
0.126250      23.537785      28.194643      17.510031
0.126406      23.553108      28.210638      17.523240
0.126562      23.568440      28.226643      17.536458
0.126719      23.583780      28.242658      17.549685
0.126875      23.599128      28.258685      17.562920
0.127031      23.614485      28.274723      17.576163
0.127187      23.629850      28.290771      17.589415
0.127344      23.645223      28.306831      17.602676
0.127500      23.660606      28.322901      17.615946
0.127656      23.675996      28.338982      17.629224
0.127812      23.691395      28.355074      17.642510
0.127969      23.706803      28.371177      17.655806
0.128125      23.722219      28.387290      17.669110
0.128281      23.737643      28.403415      17.682422
0.128437      23.753076      28.419550      17.695744
0.128594      23.768518      28.435696      17.709073
0.128750      23.783968      28.451853      17.722412
0.128906      23.799427      28.468021      17.735759
0.129062      23.814894      28.484200      17.749115
0.129219      23.830370      28.500390      17.762480
0.129375      23.845855      28.516590      17.775853
0.129531      23.861348      28.532802      17.789235
0.129687      23.876849      28.549024      17.802626
0.129844      23.892360      28.565257      17.816025
0.130000      23.907879      28.581501      17.829433
0.130156      23.923407      28.597756      17.842850
0.130312      23.938943      28.614021      17.856275
0.130469      23.954488      28.630298      17.869709
0.130625      23.970042      28.646585      17.883152
0.130781      23.985604      28.662883      17.896604
0.130937      24.001175      28.679193      17.910065
0.131094      24.016755      28.695513      17.923534
0.131250      24.032344      28.711843      17.937012
0.131406      24.047941      28.728185      17.950498
0.131562      24.063547      28.744538      17.963994
0.131719      24.079162      28.760901      17.977498
0.131875      24.094785      28.777275      17.991011
0.132031      24.110418      28.793661      18.004533
0.132187      24.126059      28.810057      18.018064
0.132344      24.141709      28.826464      18.031603
0.132500      24.157368      28.842881      18.045151
0.132656      24.173036      28.859310      18.058708
0.132812      24.188712      28.875749      18.072274
0.132969      24.204398      28.892200      18.085849
0.133125      24.220092      28.908661      18.099432
0.133281      24.235795      28.925133      18.113025
0.133437      24.251507      28.941616      18.126626
0.133594      24.267228      28.958110      18.140236
0.133750      24.282958      28.974615      18.153855
0.133906      24.298697      28.991131      18.167482
0.134062      24.314444      29.007657      18.181119
0.134219      24.330201      29.024195      18.194764
0.134375      24.345967      29.040743      18.208419
0.134531      24.361741      29.057302      18.222082
0.134687      24.377525      29.073872      18.235754
0.134844      24.393317      29.090453      18.249435
0.135000      24.409119      29.107045      18.263125
0.135156      24.424929      29.123648      18.276824
0.135312      24.440749      29.140261      18.290532
0.135469      24.456577      29.156886      18.304248
0.135625      24.472415      29.173521      18.317974
0.135781      24.488261      29.190167      18.331708
0.135937      24.504117      29.206825      18.345452
0.136094      24.519982      29.223493      18.359204
0.136250      24.535856      29.240172      18.372965
0.136406      24.551739      29.256862      18.386736
0.136562      24.567631      29.273562      18.400515
0.136719      24.583532      29.290274      18.414303
0.136875      24.599442      29.306997      18.428100
0.137031      24.615362      29.323730      18.441906
0.137187      24.631290      29.340475      18.455722
0.137344      24.647228      29.357230      18.469546
0.137500      24.663175      29.373996      18.483379
0.137656      24.679131      29.390774      18.497221
0.137812      24.695096      29.407562      18.511072
0.137969      24.711070      29.424361      18.524932
0.138125      24.727054      29.441171      18.538801
0.138281      24.743047      29.457992      18.552680
0.138437      24.759049      29.474823      18.566567
0.138594      24.775060      29.491666      18.580463
0.138750      24.791080      29.508520      18.594369
0.138906      24.807110      29.525384      18.608283
0.139062      24.823149      29.542260      18.622206
0.139219      24.839197      29.559146      18.636139
0.139375      24.855255      29.576044      18.650080
0.139531      24.871322      29.592952      18.664031
0.139687      24.887398      29.609872      18.677991
0.139844      24.903484      29.626802      18.691960
0.140000      24.919578      29.643743      18.705937
0.140156      24.935682      29.660695      18.719924
0.140312      24.951796      29.677658      18.733921
0.140469      24.967919      29.694632      18.747926
0.140625      24.984051      29.711617      18.761940
0.140781      25.000192      29.728613      18.775964
0.140937      25.016343      29.745620      18.789996
0.141094      25.032504      29.762638      18.804038
0.141250      25.048673      29.779667      18.818089
0.141406      25.064852      29.796707      18.832149
0.141562      25.081041      29.813758      18.846218
0.141719      25.097239      29.830820      18.860296
0.141875      25.113446      29.847893      18.874384
0.142031      25.129663      29.864976      18.888481
0.142187      25.145890      29.882071      18.902586
0.142344      25.162125      29.899177      18.916701
0.142500      25.178371      29.916294      18.930826
0.142656      25.194625      29.933422      18.944959
0.142812      25.210890      29.950560      18.959102
0.142969      25.227163      29.967710      18.973254
0.143125      25.243446      29.984871      18.987415
0.143281      25.259739      30.002043      19.001585
0.143437      25.276042      30.019225      19.015764
0.143594      25.292353      30.036419      19.029953
0.143750      25.308675      30.053624      19.044151
0.143906      25.325006      30.070840      19.058358
0.144062      25.341346      30.088067      19.072575
0.144219      25.357696      30.105305      19.086801
0.144375      25.374056      30.122554      19.101036
0.144531      25.390425      30.139813      19.115280
0.144687      25.406804      30.157084      19.129533
0.144844      25.423193      30.174366      19.143796
0.145000      25.439591      30.191660      19.158068
0.145156      25.455999      30.208964      19.172350
0.145312      25.472416      30.226279      19.186641
0.145469      25.488843      30.243605      19.200941
0.145625      25.505280      30.260942      19.215250
0.145781      25.521726      30.278291      19.229569
0.145937      25.538183      30.295650      19.243897
0.146094      25.554648      30.313020      19.258234
0.146250      25.571124      30.330402      19.272581
0.146406      25.587609      30.347795      19.286937
0.146562      25.604104      30.365198      19.301302
0.146719      25.620609      30.382613      19.315677
0.146875      25.637123      30.400039      19.330061
0.147031      25.653647      30.417476      19.344454
0.147187      25.670181      30.434924      19.358857
0.147344      25.686725      30.452383      19.373269
0.147500      25.703278      30.469853      19.387691
0.147656      25.719841      30.487334      19.402122
0.147812      25.736414      30.504827      19.416562
0.147969      25.752997      30.522330      19.431012
0.148125      25.769590      30.539845      19.445471
0.148281      25.786192      30.557370      19.459940
0.148437      25.802805      30.574907      19.474418
0.148594      25.819427      30.592455      19.488906
0.148750      25.836059      30.610014      19.503403
0.148906      25.852701      30.627585      19.517909
0.149062      25.869352      30.645166      19.532425
0.149219      25.886014      30.662758      19.546950
0.149375      25.902685      30.680362      19.561485
0.149531      25.919366      30.697977      19.576029
0.149687      25.936058      30.715603      19.590583
0.149844      25.952759      30.733240      19.605146
0.150000      25.969470      30.750888      19.619719
0.150156      25.986191      30.768548      19.634301
0.150312      26.002922      30.786218      19.648892
0.150469      26.019663      30.803900      19.663494
0.150625      26.036413      30.821593      19.678104
0.150781      26.053174      30.839297      19.692725
0.150937      26.069945      30.857012      19.707354
0.151094      26.086726      30.874739      19.721994
0.151250      26.103516      30.892476      19.736642
0.151406      26.120317      30.910225      19.751301
0.151562      26.137128      30.927985      19.765969
0.151719      26.153949      30.945756      19.780646
0.151875      26.170779      30.963539      19.795333
0.152031      26.187620      30.981332      19.810030
0.152187      26.204471      30.999137      19.824736
0.152344      26.221332      31.016953      19.839452
0.152500      26.238203      31.034781      19.854177
0.152656      26.255084      31.052619      19.868912
0.152812      26.271975      31.070469      19.883656
0.152969      26.288876      31.088330      19.898411
0.153125      26.305787      31.106202      19.913174
0.153281      26.322709      31.124086      19.927948
0.153437      26.339640      31.141980      19.942731
0.153594      26.356582      31.159886      19.957523
0.153750      26.373533      31.177804      19.972326
0.153906      26.390495      31.195732      19.987138
0.154062      26.407467      31.213672      20.001959
0.154219      26.424449      31.231623      20.016790
0.154375      26.441442      31.249585      20.031631
0.154531      26.458444      31.267559      20.046482
0.154687      26.475457      31.285544      20.061342
0.154844      26.492480      31.303540      20.076212
0.155000      26.509513      31.321547      20.091092
0.155156      26.526556      31.339566      20.105981
0.155312      26.543610      31.357596      20.120880
0.155469      26.560673      31.375638      20.135789
0.155625      26.577747      31.393690      20.150707
0.155781      26.594831      31.411754      20.165635
0.155937      26.611926      31.429830      20.180573
0.156094      26.629030      31.447916      20.195521
0.156250      26.646145      31.466014      20.210478
0.156406      26.663271      31.484124      20.225445
0.156562      26.680406      31.502244      20.240422
0.156719      26.697552      31.520376      20.255409
0.156875      26.714708      31.538520      20.270405
0.157031      26.731874      31.556674      20.285411
0.157187      26.749051      31.574840      20.300427
0.157344      26.766238      31.593018      20.315453
0.157500      26.783435      31.611207      20.330489
0.157656      26.800643      31.629407      20.345534
0.157812      26.817861      31.647618      20.360589
0.157969      26.835090      31.665841      20.375654
0.158125      26.852328      31.684076      20.390729
0.158281      26.869578      31.702321      20.405813
0.158437      26.886837      31.720578      20.420908
0.158594      26.904107      31.738847      20.436012
0.158750      26.921387      31.757127      20.451126
0.158906      26.938678      31.775418      20.466250
0.159062      26.955979      31.793721      20.481384
0.159219      26.973291      31.812035      20.496528
0.159375      26.990613      31.830361      20.511681
0.159531      27.007945      31.848698      20.526844
0.159687      27.025288      31.867046      20.542018
0.159844      27.042642      31.885406      20.557201
0.160000      27.060006      31.903778      20.572394
0.160156      27.077380      31.922160      20.587597
0.160312      27.094765      31.940555      20.602810
0.160469      27.112160      31.958960      20.618033
0.160625      27.129566      31.977378      20.633265

Iterations	quantity is 1695